,De contemptu mundi,Elementa philosophiae,Elegia,Alexandreis,Bucolicum carmen,Carmina Burana,Rota Veneris,Ars grammatica,Commentarium in Martiani Capellae «De nuptiis Mercurii et Philologiae» I-II,De excidio Troiae historia,De nuptiis Philologiae et Mercurii,Commentarius in Vergilii Aeneidos libros,Liber de doctrina dicendi et tacendi (Tractatus de arte loquendi et tacendi) ,De philosophia,In Vergilii Aeneide comentarii,In Vergilii Georgicis comentarii,Adelphi,Andria,Eunuchus,Heautontimorumenos,Hecyra,Phormio,"Amores, Epistulae, Medicamina faciei femineae, Ars amatoria, Remedia amoris",Fasti,Ibis,Metamorphoses,Ex Ponto,Tristia,B1,P3,W1,To,P5,F,Aeneid,Eclogues,Georgicon
De contemptu mundi,3.3306690738754696e-16,0.17356845420094613,0.2428621059631496,0.27543097409809414,0.42161755056888794,0.1629428064752304,0.18146003217186324,0.30417909960655676,0.22081705445404776,0.2633183455941215,0.16065847933658906,0.5537576829127536,0.21144247854260134,0.30423060292129156,0.18524647644402825,0.19390444837866005,0.399427314415421,0.47870615436159814,0.4700756439081786,0.5265180551678745,0.37394782316599173,0.4502797806734108,0.27145013306576293,0.26697693670960154,0.34118050253452625,0.3856670275047588,0.2463557917027801,0.2621239038870431,0.33088495090297887,0.33072434314435784,0.3215292219809991,0.32207524670470844,0.32615483435093806,1.0,0.47983880218995645,0.3425469353726869,0.47849861046502085
Elementa philosophiae,0.17356845420094613,0.0,0.2658034564003029,0.28430023706291185,0.4221479866859156,0.16934618879847152,0.15838455157803033,0.23986543016589568,0.15410834153099484,0.23558575796336823,0.12356522856983942,0.5321778777573791,0.19447909535557173,0.15875195143264564,0.14986734667827606,0.14768932717472172,0.3659710605246468,0.47831186434244655,0.4650021891767401,0.5191200212354607,0.36482450324333315,0.43570787859707427,0.25598041278159167,0.2230811584490192,0.3697468955795914,0.3530170284463595,0.2537630401229395,0.26157474934968394,0.35846160966787666,0.3582322163997548,0.34483594810530305,0.3531438142767076,0.35303887989167826,1.0,0.4752124327931837,0.3638367597278136,0.4475189962490378
Elegia,0.2428621059631496,0.2658034564003029,0.0,0.17857365488713728,0.19993278647907775,0.13609245947896065,0.20091015336074858,0.3880637244944841,0.3249743926448251,0.3258116882787181,0.20333119060693827,0.5983759482482621,0.26684168252066087,0.37850257790901953,0.2555165431769222,0.2668327997035581,0.2615868457315036,0.35180116617976465,0.33359634765664514,0.40534167008870137,0.23671524742497219,0.338610374518284,0.08115105911860343,0.14065105755132068,0.19335745087692824,0.21627634142580898,0.08027810027745608,0.08830275269285481,0.10736212069628004,0.1055977639531861,0.09773545407753836,0.10346360759543405,0.10593203373642446,1.0,0.30427862698435415,0.17175128111215499,0.33358862113308063
Alexandreis,0.27543097409809414,0.28430023706291185,0.17857365488713728,6.661338147750939e-16,0.10457896997360883,0.17901521456941383,0.21874210042572884,0.3335867797015528,0.3784783799811251,0.24800261001668045,0.1765762195284546,0.6230145866641084,0.3132710061997479,0.38385925490138273,0.27841145367345854,0.28120912403970955,0.46455435816233726,0.5356950111386478,0.5176760168789396,0.5794570375895343,0.4336372271091069,0.5241561220283911,0.18184475053459914,0.1294321386379862,0.18712427262796238,0.08733575501722013,0.19774070746347994,0.1695260525846929,0.20510770810796897,0.21995522880310492,0.22413237861648472,0.21658577844847027,0.22471771738249613,1.0,0.10258984868015764,0.23434898063571863,0.13016788662430712
Bucolicum carmen,0.42161755056888794,0.4221479866859156,0.19993278647907775,0.10457896997360883,0.0,0.26989661286138344,0.3458334246669552,0.491070722107536,0.48388079796923844,0.4008580963948096,0.28847540582968145,0.6887014903439697,0.41004779280393866,0.488423708880355,0.3951522189079373,0.39261503552626775,0.4550806076535291,0.5308106444304473,0.5088340663615566,0.5733884419074154,0.4398889277638618,0.5255171769049546,0.18165409808159672,0.13640503248156055,0.21737336186210532,0.05227322080010477,0.20838510530627585,0.17015960873989966,0.17418132509434947,0.19133982583787268,0.19307976984923958,0.18790211428577785,0.19616273120662386,1.0,0.06355195072713604,0.1936421676440646,0.08643146074215069
Carmina Burana,0.1629428064752304,0.16934618879847152,0.13609245947896065,0.17901521456941383,0.26989661286138344,1.1102230246251565e-16,0.10922793482689297,0.24399888841077033,0.2542121352329759,0.21044535731274217,0.1569429573159966,0.5589703883452346,0.17798782197762708,0.2904769488621819,0.17942226581453735,0.180251150343962,0.30450001318913755,0.3959411940091807,0.3842396752169439,0.45509400544005385,0.2932937750015311,0.38122255445302833,0.14626460842498634,0.17344832957956002,0.28417921320217177,0.28527525134461806,0.1663430814203457,0.18025706052808432,0.19320920941511388,0.1968345483425472,0.19423620252932972,0.1938816403837238,0.19625150679256753,1.0,0.33250623278619984,0.14634077113396504,0.3302724874856582
Rota Veneris,0.18146003217186324,0.15838455157803033,0.20091015336074858,0.21874210042572884,0.3458334246669552,0.10922793482689297,6.661338147750939e-16,0.21444604797040756,0.26523816166157677,0.24022884249418175,0.14845730135617852,0.5692947897956923,0.18049184984281652,0.28213701142366987,0.20132131042434143,0.19426558131235072,0.39109344675456825,0.47503419028367755,0.4533002640851558,0.5172110719198206,0.3632535162416213,0.45666127608434104,0.21657569463639992,0.25557425178527005,0.33888873886185455,0.3408322693844509,0.2396284619006538,0.2493448660153449,0.25997578789616893,0.2661081353941145,0.2628034751454166,0.2631025252058091,0.26305455661349963,1.0,0.38948809314487376,0.2549433970017899,0.3740173720265447
Ars grammatica,0.30417909960655676,0.23986543016589568,0.3880637244944841,0.3335867797015528,0.491070722107536,0.24399888841077033,0.21444604797040756,2.220446049250313e-16,0.3187147374144266,0.26747029433051983,0.17249166425113105,0.5771972025969881,0.2823756597215611,0.344516485103354,0.24078644761710455,0.2556797714385717,0.48115887979271066,0.5463538443613754,0.5369714748939722,0.5837602028763045,0.44084230927025936,0.5264388144091601,0.375551029872208,0.34290664051985265,0.3263913976016123,0.43933567146582597,0.37185644098444637,0.3741114096852658,0.4308578587556705,0.43073090874973274,0.4295065032197879,0.43119458497416474,0.4293177680825849,1.0,0.49226343119714966,0.39230182270604463,0.4676938390896226
Commentarium in Martiani Capellae «De nuptiis Mercurii et Philologiae» I-II,0.22081705445404776,0.15410834153099484,0.3249743926448251,0.3784783799811251,0.48388079796923844,0.2542121352329759,0.26523816166157677,0.3187147374144266,4.440892098500626e-16,0.26813580205359144,0.1760537757201195,0.5293500665916773,0.25979873023726663,0.2925390112767301,0.14951225052901618,0.14083377194700952,0.38110433352387707,0.4744603572002486,0.45883085986717886,0.5135280830555454,0.3426696706242972,0.42770759476610176,0.34675159974869785,0.29256121528842105,0.42091509896503143,0.42935769721958084,0.31767004282744493,0.3296480879445689,0.426612814094359,0.42428687381157193,0.4122677841893855,0.4205734365685323,0.421134541217016,1.0,0.5406168818727675,0.44561910731205967,0.5410402462890341
De excidio Troiae historia,0.2633183455941215,0.23558575796336823,0.3258116882787181,0.24800261001668045,0.4008580963948096,0.21044535731274217,0.24022884249418175,0.26747029433051983,0.26813580205359144,0.0,0.18957983929957534,0.5843137844852788,0.2863200354217358,0.34905630008658983,0.19549424883368438,0.20308408056632576,0.4371946804348158,0.5177144560087277,0.5081816276151423,0.561517849974663,0.4066920207570309,0.48875150105669385,0.3220935917572839,0.26985483290277423,0.3475180749510568,0.344565080513783,0.3297552900988616,0.3328911105124053,0.3699399726883996,0.38069600629032796,0.37999716089841507,0.37796190682081254,0.37911386174272266,1.0,0.38408544815230805,0.38219777513177244,0.38534249145560684
De nuptiis Philologiae et Mercurii,0.16065847933658906,0.12356522856983942,0.20333119060693827,0.1765762195284546,0.28847540582968145,0.1569429573159966,0.14845730135617852,0.17249166425113105,0.1760537757201195,0.18957983929957534,1.1102230246251565e-16,0.5174748995254606,0.21334137857525692,0.2535181884250426,0.11859368249322566,0.12669608109595532,0.34915548246122274,0.4353276192531964,0.4246493445636077,0.48769009330809276,0.3040268355802148,0.4056619695697322,0.21656573125854606,0.1707120246044277,0.2149715522517267,0.2472324039873508,0.1908978572277249,0.18973682007908843,0.2901005222102412,0.28822380964971417,0.2842879278728896,0.2851511503442338,0.29036190828529784,1.0,0.33291360468256126,0.2865072162484671,0.3338981128872127
Commentarius in Vergilii Aeneidos libros,0.5537576829127536,0.5321778777573791,0.5983759482482621,0.6230145866641084,0.6887014903439697,0.5589703883452346,0.5692947897956923,0.5771972025969881,0.5293500665916773,0.5843137844852788,0.5174748995254606,5.551115123125783e-16,0.549101392167085,0.6056686217329532,0.49300435130169695,0.5064738294438718,0.6406534596228295,0.6921737209983331,0.6888213501412185,0.7177505490541557,0.6203877457730159,0.6707583895557123,0.6070865146019384,0.579709893448958,0.6291504481240661,0.6577839877515601,0.589185905474504,0.597038270650313,0.64184872029003,0.6380803446967216,0.6340895734283676,0.6372395544490483,0.6378611230727053,1.0,0.7119912319973043,0.6488012859955826,0.7147027889942774
Liber de doctrina dicendi et tacendi (Tractatus de arte loquendi et tacendi) ,0.21144247854260134,0.19447909535557173,0.26684168252066087,0.3132710061997479,0.41004779280393866,0.17798782197762708,0.18049184984281652,0.2823756597215611,0.25979873023726663,0.2863200354217358,0.21334137857525692,0.549101392167085,0.0,0.31394655620486256,0.17372077257672902,0.17734983468309518,0.41010823531636853,0.4972518837191632,0.48436055366714204,0.5377146461354214,0.41160427445694026,0.4789736381699744,0.2940541541481644,0.2816865096315919,0.3968069782344573,0.392600516961519,0.3064418137306212,0.33029878266052093,0.30594595724904683,0.31805392841504776,0.3119045832362466,0.3126017036272569,0.3132984372730846,1.0,0.4409021492690752,0.31801559788526323,0.4131062141542261
De philosophia,0.30423060292129156,0.15875195143264564,0.37850257790901953,0.38385925490138273,0.488423708880355,0.2904769488621819,0.28213701142366987,0.344516485103354,0.2925390112767301,0.34905630008658983,0.2535181884250426,0.6056686217329532,0.31394655620486256,0.0,0.28196101989694977,0.28067652373931073,0.4663268813110467,0.5618594415830911,0.5484956252564475,0.5953524948830559,0.45610518028822467,0.5259315067977648,0.3713914795690708,0.34027343865193127,0.4645724035847488,0.4467097178671915,0.3708428955908404,0.3766430526916986,0.45005756616121295,0.4508753032288517,0.4412242403925054,0.4468000941385796,0.44685910589049127,1.0,0.5415893817372137,0.4526673548333675,0.5171213678444889
In Vergilii Aeneide comentarii,0.18524647644402825,0.14986734667827606,0.2555165431769222,0.27841145367345854,0.3951522189079373,0.17942226581453735,0.20132131042434143,0.24078644761710455,0.14951225052901618,0.19549424883368438,0.11859368249322566,0.49300435130169695,0.17372077257672902,0.28196101989694977,0.0,0.015772622520864532,0.3494032306940307,0.437236767024787,0.4316360700563282,0.48682363236982484,0.3120612053393341,0.40139091325066945,0.27730513711508575,0.21834498599903862,0.31312198482427644,0.34536621407326606,0.24538735728963934,0.26292862629289315,0.3316761798576374,0.3284626512812905,0.3231737177592492,0.3272085298313273,0.3290917523419874,1.0,0.42281611884131753,0.34064806942076653,0.43169829522178105
In Vergilii Georgicis comentarii,0.19390444837866005,0.14768932717472172,0.2668327997035581,0.28120912403970955,0.39261503552626775,0.180251150343962,0.19426558131235072,0.2556797714385717,0.14083377194700952,0.20308408056632576,0.12669608109595532,0.5064738294438718,0.17734983468309518,0.28067652373931073,0.015772622520864532,0.0,0.377069190041583,0.46516848667586064,0.45466480563628986,0.5091961893431506,0.34017331765402503,0.4303395640700679,0.2932111577426135,0.23093120147003743,0.3409818817411625,0.34930374129880204,0.27070803229426665,0.285973116284587,0.3501639266547023,0.35075986199884845,0.3462193734206368,0.34956734346583196,0.35168678486725735,1.0,0.4224992875776401,0.3447211151436157,0.4092658210569159
Adelphi,0.399427314415421,0.3659710605246468,0.2615868457315036,0.46455435816233726,0.4550806076535291,0.30450001318913755,0.39109344675456825,0.48115887979271066,0.38110433352387707,0.4371946804348158,0.34915548246122274,0.6406534596228295,0.41010823531636853,0.4663268813110467,0.3494032306940307,0.377069190041583,0.0,0.2775293113944439,0.2728860047250009,0.19931556548799723,0.1571318612843382,0.2346385251257901,0.2732405886759234,0.332991556003965,0.4195434531927338,0.47602997207706943,0.238585690901015,0.27223294589471647,0.3119979717748742,0.2952046339990503,0.2832074091861888,0.2918830217015346,0.290037378198591,1.0,0.5776542529577262,0.3171866281446041,0.6196369755584953
Andria,0.47870615436159814,0.47831186434244655,0.35180116617976465,0.5356950111386478,0.5308106444304473,0.3959411940091807,0.47503419028367755,0.5463538443613754,0.4744603572002486,0.5177144560087277,0.4353276192531964,0.6921737209983331,0.4972518837191632,0.5618594415830911,0.437236767024787,0.46516848667586064,0.2775293113944439,1.1102230246251565e-16,0.09538557796331348,0.22616031616188126,0.1873001870038884,0.22897289505060947,0.36863955829347883,0.43994483087900016,0.49632427824906744,0.558023351149446,0.33730877871610077,0.36776168082551286,0.39324379347313065,0.37593808805009066,0.36579828806648906,0.3736854616872676,0.3716978942314956,1.0,0.638121978734203,0.3892306240010154,0.6803543238372594
Eunuchus,0.4700756439081786,0.4650021891767401,0.33359634765664514,0.5176760168789396,0.5088340663615566,0.3842396752169439,0.4533002640851558,0.5369714748939722,0.45883085986717886,0.5081816276151423,0.4246493445636077,0.6888213501412185,0.48436055366714204,0.5484956252564475,0.4316360700563282,0.45466480563628986,0.2728860047250009,0.09538557796331348,2.220446049250313e-16,0.20625918859389514,0.12647763945299528,0.12431591565044497,0.34610504115994,0.4148431222449226,0.4761602302392428,0.5320388916809344,0.32354938290317414,0.352861836012348,0.3783533553697045,0.3636080115873127,0.3557841847034371,0.36134425709485274,0.3593185710516089,1.0,0.6173930134853132,0.3779212622752608,0.6559524552514494
Heautontimorumenos,0.5265180551678745,0.5191200212354607,0.40534167008870137,0.5794570375895343,0.5733884419074154,0.45509400544005385,0.5172110719198206,0.5837602028763045,0.5135280830555454,0.561517849974663,0.48769009330809276,0.7177505490541557,0.5377146461354214,0.5953524948830559,0.48682363236982484,0.5091961893431506,0.19931556548799723,0.22616031616188126,0.20625918859389514,0.0,0.31005036951501264,0.2524370045915647,0.41545667691822796,0.4826837117965752,0.526196684561296,0.5907119578130617,0.39257720627336146,0.419485250194673,0.44411500378058333,0.4298242080606739,0.4213641360162361,0.42810575261085304,0.42511251132752226,1.0,0.6730862821867787,0.4560782011120147,0.7064819427516598
Hecyra,0.37394782316599173,0.36482450324333315,0.23671524742497219,0.4336372271091069,0.4398889277638618,0.2932937750015311,0.3632535162416213,0.44084230927025936,0.3426696706242972,0.4066920207570309,0.3040268355802148,0.6203877457730159,0.41160427445694026,0.45610518028822467,0.3120612053393341,0.34017331765402503,0.1571318612843382,0.1873001870038884,0.12647763945299528,0.31005036951501264,3.3306690738754696e-16,0.12697956911407193,0.2522371389559671,0.31630331054605687,0.3652428035686397,0.4502122997069796,0.20343860763069543,0.23288971119175694,0.2801508981717067,0.25974731376548044,0.2517532697401682,0.25882448595228713,0.2565703589094963,1.0,0.5611350845253708,0.29940325743533436,0.6100602794925434
Phormio,0.4502797806734108,0.43570787859707427,0.338610374518284,0.5241561220283911,0.5255171769049546,0.38122255445302833,0.45666127608434104,0.5264388144091601,0.42770759476610176,0.48875150105669385,0.4056619695697322,0.6707583895557123,0.4789736381699744,0.5259315067977648,0.40139091325066945,0.4303395640700679,0.2346385251257901,0.22897289505060947,0.12431591565044497,0.2524370045915647,0.12697956911407193,0.0,0.3512833995758643,0.4071231945272027,0.46315130454837383,0.5356562339612394,0.3113674593500897,0.3400356000361163,0.38707937163691075,0.36870955720212606,0.3590812346223029,0.3669730115258655,0.3636447364360059,1.0,0.6383932881231253,0.4011589849516485,0.6836414338385739
"Amores, Epistulae, Medicamina faciei femineae, Ars amatoria, Remedia amoris",0.27145013306576293,0.25598041278159167,0.08115105911860343,0.18184475053459914,0.18165409808159672,0.14626460842498634,0.21657569463639992,0.375551029872208,0.34675159974869785,0.3220935917572839,0.21656573125854606,0.6070865146019384,0.2940541541481644,0.3713914795690708,0.27730513711508575,0.2932111577426135,0.2732405886759234,0.36863955829347883,0.34610504115994,0.41545667691822796,0.2522371389559671,0.3512833995758643,8.881784197001252e-16,0.08583573058887406,0.1715998015033422,0.1599053738011348,0.04662866652124409,0.04610184405156681,0.08907534913926052,0.08990787385924448,0.07999974658011022,0.08719919918142782,0.08526965820899313,1.0,0.2733800624345314,0.12800201150012913,0.2943401269208883
Fasti,0.26697693670960154,0.2230811584490192,0.14065105755132068,0.1294321386379862,0.13640503248156055,0.17344832957956002,0.25557425178527005,0.34290664051985265,0.29256121528842105,0.26985483290277423,0.1707120246044277,0.579709893448958,0.2816865096315919,0.34027343865193127,0.21834498599903862,0.23093120147003743,0.332991556003965,0.43994483087900016,0.4148431222449226,0.4826837117965752,0.31630331054605687,0.4071231945272027,0.08583573058887406,2.220446049250313e-16,0.16265151799514244,0.08141351762496574,0.09350685138628156,0.0794214861408925,0.15841529048738667,0.16617217434848586,0.15986988248500555,0.16163907713148717,0.16558070966168636,1.0,0.18120756202177757,0.19493169689176304,0.20941511678549396
Ibis,0.34118050253452625,0.3697468955795914,0.19335745087692824,0.18712427262796238,0.21737336186210532,0.28417921320217177,0.33888873886185455,0.3263913976016123,0.42091509896503143,0.3475180749510568,0.2149715522517267,0.6291504481240661,0.3968069782344573,0.4645724035847488,0.31312198482427644,0.3409818817411625,0.4195434531927338,0.49632427824906744,0.4761602302392428,0.526196684561296,0.3652428035686397,0.46315130454837383,0.1715998015033422,0.16265151799514244,0.0,0.17083690143918728,0.1432834429409764,0.13602287839047378,0.2312515575839469,0.22943171307883337,0.22814218714110512,0.2265847337501925,0.23006077122508684,1.0,0.2637238633201203,0.2731154619388194,0.30964409807071236
Metamorphoses,0.3856670275047588,0.3530170284463595,0.21627634142580898,0.08733575501722013,0.05227322080010477,0.28527525134461806,0.3408322693844509,0.43933567146582597,0.42935769721958084,0.344565080513783,0.2472324039873508,0.6577839877515601,0.392600516961519,0.4467097178671915,0.34536621407326606,0.34930374129880204,0.47602997207706943,0.558023351149446,0.5320388916809344,0.5907119578130617,0.4502122997069796,0.5356562339612394,0.1599053738011348,0.08141351762496574,0.17083690143918728,0.0,0.18160243009823196,0.13388275712383746,0.19113807233723956,0.20948765225287813,0.20851821583345742,0.2054381417815735,0.21149130301158803,1.0,0.0682596248815569,0.25109352034034305,0.09537402025763186
Ex Ponto,0.2463557917027801,0.2537630401229395,0.08027810027745608,0.19774070746347994,0.20838510530627585,0.1663430814203457,0.2396284619006538,0.37185644098444637,0.31767004282744493,0.3297552900988616,0.1908978572277249,0.589185905474504,0.3064418137306212,0.3708428955908404,0.24538735728963934,0.27070803229426665,0.238585690901015,0.33730877871610077,0.32354938290317414,0.39257720627336146,0.20343860763069543,0.3113674593500897,0.04662866652124409,0.09350685138628156,0.1432834429409764,0.18160243009823196,0.0,0.016556028120237265,0.10245170908069134,0.09545761916827578,0.08532472918092415,0.09105717461378837,0.09222806499103098,1.0,0.31610132705729665,0.15505077438985404,0.3577889544752524
Tristia,0.2621239038870431,0.26157474934968394,0.08830275269285481,0.1695260525846929,0.17015960873989966,0.18025706052808432,0.2493448660153449,0.3741114096852658,0.3296480879445689,0.3328911105124053,0.18973682007908843,0.597038270650313,0.33029878266052093,0.3766430526916986,0.26292862629289315,0.285973116284587,0.27223294589471647,0.36776168082551286,0.352861836012348,0.419485250194673,0.23288971119175694,0.3400356000361163,0.04610184405156681,0.0794214861408925,0.13602287839047378,0.13388275712383746,0.016556028120237265,0.0,0.09961712453099247,0.09583514475391319,0.08643038978660211,0.0917690981021061,0.09306210518679714,1.0,0.2689757012273959,0.1647008210806351,0.3123222337188294
B1,0.33088495090297887,0.35846160966787666,0.10736212069628004,0.20510770810796897,0.17418132509434947,0.19320920941511388,0.25997578789616893,0.4308578587556705,0.426612814094359,0.3699399726883996,0.2901005222102412,0.64184872029003,0.30594595724904683,0.45005756616121295,0.3316761798576374,0.3501639266547023,0.3119979717748742,0.39324379347313065,0.3783533553697045,0.44411500378058333,0.2801508981717067,0.38707937163691075,0.08907534913926052,0.15841529048738667,0.2312515575839469,0.19113807233723956,0.10245170908069134,0.09961712453099247,0.0,0.00345320180273867,0.005742329186000816,0.003775605873232668,0.004280994678579564,1.0,0.2629265942719805,0.14156519836793646,0.29187112739737786
P3,0.33072434314435784,0.3582322163997548,0.1055977639531861,0.21995522880310492,0.19133982583787268,0.1968345483425472,0.2661081353941145,0.43073090874973274,0.42428687381157193,0.38069600629032796,0.28822380964971417,0.6380803446967216,0.31805392841504776,0.4508753032288517,0.3284626512812905,0.35075986199884845,0.2952046339990503,0.37593808805009066,0.3636080115873127,0.4298242080606739,0.25974731376548044,0.36870955720212606,0.08990787385924448,0.16617217434848586,0.22943171307883337,0.20948765225287813,0.09545761916827578,0.09583514475391319,0.00345320180273867,3.3306690738754696e-16,0.0032472497294666613,0.0017998977061337573,0.0024264127654609613,1.0,0.2892225740684219,0.14581443342356148,0.3235332170853925
W1,0.3215292219809991,0.34483594810530305,0.09773545407753836,0.22413237861648472,0.19307976984923958,0.19423620252932972,0.2628034751454166,0.4295065032197879,0.4122677841893855,0.37999716089841507,0.2842879278728896,0.6340895734283676,0.3119045832362466,0.4412242403925054,0.3231737177592492,0.3462193734206368,0.2832074091861888,0.36579828806648906,0.3557841847034371,0.4213641360162361,0.2517532697401682,0.3590812346223029,0.07999974658011022,0.15986988248500555,0.22814218714110512,0.20851821583345742,0.08532472918092415,0.08643038978660211,0.005742329186000816,0.0032472497294666613,2.220446049250313e-16,0.0031080817974905584,0.0031125972670906776,1.0,0.29852921651185926,0.14948592884001177,0.33193886870457023
To,0.32207524670470844,0.3531438142767076,0.10346360759543405,0.21658577844847027,0.18790211428577785,0.1938816403837238,0.2631025252058091,0.43119458497416474,0.4205734365685323,0.37796190682081254,0.2851511503442338,0.6372395544490483,0.3126017036272569,0.4468000941385796,0.3272085298313273,0.34956734346583196,0.2918830217015346,0.3736854616872676,0.36134425709485274,0.42810575261085304,0.25882448595228713,0.3669730115258655,0.08719919918142782,0.16163907713148717,0.2265847337501925,0.2054381417815735,0.09105717461378837,0.0917690981021061,0.003775605873232668,0.0017998977061337573,0.0031080817974905584,2.220446049250313e-16,0.002763619284903762,1.0,0.28680762199175414,0.14430131068527796,0.32137531272490516
P5,0.32615483435093806,0.35303887989167826,0.10593203373642446,0.22471771738249613,0.19616273120662386,0.19625150679256753,0.26305455661349963,0.4293177680825849,0.421134541217016,0.37911386174272266,0.29036190828529784,0.6378611230727053,0.3132984372730846,0.44685910589049127,0.3290917523419874,0.35168678486725735,0.290037378198591,0.3716978942314956,0.3593185710516089,0.42511251132752226,0.2565703589094963,0.3636447364360059,0.08526965820899313,0.16558070966168636,0.23006077122508684,0.21149130301158803,0.09222806499103098,0.09306210518679714,0.004280994678579564,0.0024264127654609613,0.0031125972670906776,0.002763619284903762,0.0,1.0,0.2964536261109958,0.1460990722525013,0.329461516314005
F,1.0,1.0,1.0,1.0,1.0,1.0,1.0,1.0,1.0,1.0,1.0,1.0,1.0,1.0,1.0,1.0,1.0,1.0,1.0,1.0,1.0,1.0,1.0,1.0,1.0,1.0,1.0,1.0,1.0,1.0,1.0,1.0,1.0,1.0,1.0,1.0,1.0
Aeneid,0.47983880218995645,0.4752124327931837,0.30427862698435415,0.10258984868015764,0.06355195072713604,0.33250623278619984,0.38948809314487376,0.49226343119714966,0.5406168818727675,0.38408544815230805,0.33291360468256126,0.7119912319973043,0.4409021492690752,0.5415893817372137,0.42281611884131753,0.4224992875776401,0.5776542529577262,0.638121978734203,0.6173930134853132,0.6730862821867787,0.5611350845253708,0.6383932881231253,0.2733800624345314,0.18120756202177757,0.2637238633201203,0.0682596248815569,0.31610132705729665,0.2689757012273959,0.2629265942719805,0.2892225740684219,0.29852921651185926,0.28680762199175414,0.2964536261109958,1.0,0.0,0.2704328135065551,0.043219797907945834
Eclogues,0.3425469353726869,0.3638367597278136,0.17175128111215499,0.23434898063571863,0.1936421676440646,0.14634077113396504,0.2549433970017899,0.39230182270604463,0.44561910731205967,0.38219777513177244,0.2865072162484671,0.6488012859955826,0.31801559788526323,0.4526673548333675,0.34064806942076653,0.3447211151436157,0.3171866281446041,0.3892306240010154,0.3779212622752608,0.4560782011120147,0.29940325743533436,0.4011589849516485,0.12800201150012913,0.19493169689176304,0.2731154619388194,0.25109352034034305,0.15505077438985404,0.1647008210806351,0.14156519836793646,0.14581443342356148,0.14948592884001177,0.14430131068527796,0.1460990722525013,1.0,0.2704328135065551,4.440892098500626e-16,0.2638640709372412
Georgicon,0.47849861046502085,0.4475189962490378,0.33358862113308063,0.13016788662430712,0.08643146074215069,0.3302724874856582,0.3740173720265446,0.4676938390896227,0.541040246289034,0.38534249145560706,0.3338981128872126,0.7147027889942774,0.4131062141542261,0.5171213678444889,0.4316982952217808,0.409265821056916,0.6196369755584952,0.6803543238372592,0.6559524552514495,0.7064819427516598,0.6100602794925433,0.6836414338385739,0.2943401269208883,0.2094151167854944,0.30964409807071236,0.09537402025763142,0.35778895447525216,0.3123222337188295,0.29187112739737786,0.3235332170853924,0.33193886870457,0.3213753127249054,0.329461516314005,1.0,0.043219797907946056,0.2638640709372412,0.0
