,De contemptu mundi,Elementa philosophiae,Elegia,Alexandreis,Bucolicum carmen,Carmina Burana,Rota Veneris,Ars grammatica,Commentarium in Martiani Capellae «De nuptiis Mercurii et Philologiae» I-II,De excidio Troiae historia,De nuptiis Philologiae et Mercurii,Commentarius in Vergilii Aeneidos libros,Liber de doctrina dicendi et tacendi (Tractatus de arte loquendi et tacendi) ,De philosophia,In Vergilii Aeneide comentarii,In Vergilii Georgicis comentarii,Adelphi,Andria,Eunuchus,Heautontimorumenos,Hecyra,Phormio,Amores,Epistulae (vel Heroides),Medicamina faciei femineae,Ars Amatoria,Remedia amoris,Fasti,Ibis,Metamorphoses,Ex Ponto,Tristia,B1,P3,W1,To,P5,F,Aeneid,Eclogues,Georgicon
De contemptu mundi,2.220446049250313e-16,0.16000268672865603,0.23426641789469205,0.31877013953748057,0.462579485880136,0.15825122744471443,0.18838880283582626,0.2985711580066708,0.16301986481989406,0.24128507968595192,0.1788785918393263,0.5875652179000157,0.1928043027941132,0.172998242183947,0.1873938383337076,0.1991655153250239,0.2868044908751116,0.4263703377721453,0.3791714692199104,0.4768388891992571,0.2621935869877058,0.3502285076260876,0.23775592268255108,0.24944372170211937,0.3535580029719776,0.24484729676895556,0.21325728307621772,0.2625349016426899,0.39048948069168876,0.4100032888705303,0.23323266916855856,0.258706843604108,0.29282918060313934,0.2905828247774743,0.27971130109533915,0.2805129296515724,0.2788659240479273,1.0,0.5202050595793599,0.29356563636578903,0.488789604223993
Elementa philosophiae,0.16000268672865603,3.3306690738754696e-16,0.23041094356159808,0.2959333928053821,0.4377087304489101,0.14987322428691208,0.14134507493068693,0.23833749932445425,0.07143484546221168,0.21155196200053783,0.11123194399054426,0.5653164358422799,0.18507924974921064,0.015738434982688343,0.1474032810290965,0.14663041590888315,0.22723983442420792,0.41201322987244393,0.350001327865753,0.45275255880273113,0.22048547358689308,0.30983536529636513,0.2066534024446678,0.22376868681110706,0.30218022365882224,0.19785937101781215,0.17558911912854824,0.2134713120827687,0.37739465432068786,0.3648639519582081,0.21393951990706572,0.2341037958894755,0.3099846745621814,0.3038633745159587,0.28967519880983383,0.2987792095917834,0.2919424161838583,1.0,0.5002590274092353,0.29662702646690386,0.45988374106661056
Elegia,0.23426641789469205,0.23041094356159808,0.0,0.19024280897392942,0.23259678004098727,0.1561168153758805,0.22332904523116903,0.3821005733720356,0.23354820382098151,0.27034760358218823,0.19678480887843364,0.6247978868876853,0.2744101041892557,0.2380084184920196,0.251191847906138,0.257460216766365,0.21685571807577464,0.3774646404799531,0.31765264415638783,0.42430043825207153,0.18836501417979434,0.3000857579214896,0.08674439303309733,0.08845080015196793,0.2682737413602978,0.10314182558292218,0.10914687677655743,0.13125193871490914,0.2403956532364564,0.2188163452573394,0.09561025241791021,0.10109243176082261,0.10660300211336804,0.1049494130210622,0.0953545437918184,0.10472884093641721,0.10185892358334048,1.0,0.32863083369638235,0.19988265649776993,0.32266905376453603
Alexandreis,0.31877013953748057,0.2959333928053821,0.19024280897392942,4.440892098500626e-16,0.10292548512999189,0.20014435603798064,0.2520222833712412,0.3421251958533692,0.3493252273494738,0.2226443430951125,0.20362160721567435,0.6696754676531351,0.3337614757386248,0.28876511721325127,0.3108461060315796,0.31018835108322296,0.43723575861454833,0.5538240745384423,0.5025493595391235,0.5912909098666077,0.40349498952600094,0.5072266304059437,0.17001657285731653,0.18160649704520626,0.22703228759243888,0.16968577364939752,0.24524478246240788,0.1282946296290447,0.21561817024032526,0.0813702292718308,0.2050111105231649,0.1755463307009809,0.1705393657159161,0.1869550845003255,0.19353787319321136,0.18459222319667645,0.1872200158930274,1.0,0.09755829189195064,0.19599263265990008,0.10641982793732807
Bucolicum carmen,0.462579485880136,0.4377087304489101,0.23259678004098727,0.10292548512999189,3.3306690738754696e-16,0.3184516060125565,0.390260902854906,0.5205932929147301,0.4562819416947602,0.3756999471630088,0.3082683795000304,0.7330694375271316,0.4478830433278971,0.4285529339206613,0.4342185436493433,0.42377094545996274,0.48499324905037267,0.5995555930153429,0.5467960133113909,0.6299604328954975,0.46767766896875185,0.556319999857434,0.20300656049736576,0.20208726313897485,0.2755483219942275,0.19949147909755882,0.3042518043632211,0.15142785554776061,0.2463007612275785,0.04859314772196166,0.24371466142531983,0.1965903989268446,0.18059530164842708,0.2006968077656014,0.20384623180060935,0.1985980948403836,0.20234734131055965,1.0,0.06409092100025027,0.20618526197933695,0.06901393432251401
Carmina Burana,0.15825122744471443,0.14987322428691208,0.1561168153758805,0.20014435603798064,0.3184516060125565,0.0,0.11317536759268931,0.2412988747907766,0.18256157252501615,0.16924521364056,0.1601592148634483,0.5958489416052899,0.17949991485215133,0.15146742364347066,0.18823270716054152,0.18188264487366157,0.27064679011274595,0.423947689147243,0.37185510995623416,0.4752426721766836,0.2626809792492202,0.35612738751749173,0.15306047777513943,0.18932939754393774,0.26069863790739745,0.17238239829626634,0.14445171432455983,0.1891389061367228,0.334458790770229,0.3138544406109973,0.19385477381195138,0.21066128216229607,0.2061336079647511,0.2102149666308989,0.20693526802393625,0.20790193263854828,0.2045142193266195,1.0,0.37271800886748996,0.13615998410491648,0.33531158874578815
Rota Veneris,0.18838880283582626,0.14134507493068693,0.22332904523116903,0.2520222833712412,0.390260902854906,0.11317536759268931,4.440892098500626e-16,0.19700769148154784,0.1951263594442152,0.20703464703621632,0.1535344482815656,0.6041684764363356,0.16854006570875446,0.1418538753601366,0.20689907647264127,0.19380673247339342,0.33692864482026885,0.48498210567503164,0.41980518015609025,0.5195407194567188,0.31314525587567454,0.4233908532160312,0.21991503170073246,0.2565256127140334,0.2831142587205715,0.23748557580553753,0.19567802388972433,0.2676259876828282,0.3939853025392247,0.3727338896515745,0.2627916881131578,0.28340347549077016,0.2614801364955963,0.2682839745709187,0.2635774116535221,0.2648905897045234,0.26101608658128395,1.0,0.42309715707537854,0.2308295080175109,0.37469525753804844
Ars grammatica,0.2985711580066708,0.23833749932445425,0.3821005733720356,0.3421251958533692,0.5205932929147301,0.2412988747907766,0.19700769148154784,0.0,0.2688470743996467,0.24701201975317888,0.15868909679605914,0.6140516706415897,0.29223689121801644,0.231098919702885,0.25355926637109527,0.267265771470114,0.4231426912061692,0.5299876169861086,0.4820504708910901,0.5605863578307918,0.3611354731452535,0.4680175994600888,0.35862807841261957,0.3741062534019559,0.4167370962939765,0.3519425834267186,0.33004661868902807,0.35762261941753626,0.31407956624282796,0.46232516610042473,0.36445137936934324,0.3742515626700329,0.4156907298506213,0.4110604041253918,0.41107143487164377,0.4130470649394796,0.40459205879993665,1.0,0.5231006598355298,0.35381152162484053,0.48348371263138745
Commentarium in Martiani Capellae «De nuptiis Mercurii et Philologiae» I-II,0.16301986481989406,0.07143484546221168,0.23354820382098151,0.3493252273494738,0.4562819416947602,0.18256157252501615,0.1951263594442152,0.2688470743996467,0.0,0.24909713701794178,0.12502239096313328,0.5393145878216182,0.17609371458003054,0.09239030531587944,0.1067683700465506,0.11298311500268265,0.2228104212536467,0.4137450657086479,0.34269275137425315,0.44151119385989135,0.19522246842563995,0.29395029584241084,0.22568653389350668,0.22331991842738175,0.316304391374429,0.20481800893076407,0.18631324098837487,0.20238064350619656,0.37944342807381415,0.38104600560273516,0.21207682968835606,0.23743130548442049,0.32668876772570643,0.3187133396050683,0.30166185584667193,0.3155309012142894,0.30762304948676766,1.0,0.5278551488698355,0.3281060652154534,0.5005669201393756
De excidio Troiae historia,0.24128507968595192,0.21155196200053783,0.27034760358218823,0.2226443430951125,0.3756999471630088,0.16924521364056,0.20703464703621632,0.24701201975317888,0.24909713701794178,0.0,0.1716913606087327,0.6173068856286712,0.26520259682670755,0.2147226952456157,0.19124073504993022,0.19702283323914438,0.32208082614393585,0.4749005044300024,0.4198671342632586,0.517027842986074,0.3004815216948691,0.39672621475023073,0.24808888402807616,0.26907002122152246,0.28259621243816935,0.23972619538221607,0.24027627073612734,0.225037208559296,0.3125115881653201,0.31954815165124284,0.26827742300572477,0.2830013890745333,0.28974849265085745,0.29602018169041355,0.297858839159181,0.29379367592688177,0.28935380742290107,1.0,0.3663802825257463,0.2691531380188057,0.3550249523259593
De nuptiis Philologiae et Mercurii,0.1788785918393263,0.11123194399054426,0.19678480887843364,0.20362160721567435,0.3082683795000304,0.1601592148634483,0.1535344482815656,0.15868909679605914,0.12502239096313328,0.1716913606087327,2.220446049250313e-16,0.557749799644178,0.2062225901477338,0.1122164835103785,0.12926728620983963,0.13977544644054118,0.24856850233205685,0.39986691766736926,0.3428451272467735,0.4472657554778906,0.1920336283104026,0.31477648735131114,0.16970544873406357,0.17574741171247354,0.26812060142836425,0.15818475174710545,0.1734337456572146,0.1590422227319157,0.2339748751755094,0.25070162087951486,0.16447755889760696,0.1712983782982963,0.24102007852052887,0.23561049208855356,0.23077559709273832,0.23472921386574364,0.23016667064231677,1.0,0.3548491172414745,0.22393439418559724,0.3246291523603354
Commentarius in Vergilii Aeneidos libros,0.5875652179000157,0.5653164358422799,0.6247978868876853,0.6696754676531351,0.7330694375271316,0.5958489416052899,0.6041684764363356,0.6140516706415897,0.5393145878216182,0.6173068856286712,0.557749799644178,0.0,0.5802194644325551,0.5717426014416677,0.5368475123348763,0.5505024977334243,0.6201940724622439,0.7004489827770731,0.6741591311016681,0.7199976647667501,0.5934738862094822,0.6493766858409229,0.622091370989369,0.6188941898835636,0.6809617696162867,0.6127685487015485,0.6019718814169965,0.6151552548101707,0.6665057238845123,0.696613973974858,0.6120369577343747,0.6252957683347418,0.655164960107804,0.6487399930041224,0.6445586131235285,0.6489406582629731,0.6451766905914285,1.0,0.755848503833678,0.6561453639902248,0.7457334592428835
Liber de doctrina dicendi et tacendi (Tractatus de arte loquendi et tacendi) ,0.19280430279411298,0.18507924974921086,0.2744101041892557,0.3337614757386248,0.4478830433278971,0.17949991485215133,0.16854006570875446,0.2922368912180162,0.17609371458003054,0.26520259682670766,0.20622259014773392,0.5802194644325551,0.0,0.188202528961964,0.16999745047488313,0.170800058437375,0.3417113985894924,0.481286204397782,0.4310368547015636,0.5197994875875256,0.3354303555037682,0.4103969655660231,0.29915816579120624,0.3134164712834274,0.41120096415078233,0.3000813489374139,0.27310952092308305,0.2987702030995697,0.44083258443122963,0.4216234907306602,0.31764411503362566,0.3453979933326071,0.29061951705621647,0.299612898928282,0.29654384333499806,0.2955811854000413,0.2895159163603094,1.0,0.476690468532587,0.298009390208298,0.43622867912640306
De philosophia,0.172998242183947,0.015738434982688343,0.2380084184920196,0.28876511721325093,0.4285529339206613,0.15146742364347066,0.1418538753601365,0.2310989197028852,0.09239030531587933,0.2147226952456157,0.11221648351037872,0.5717426014416677,0.188202528961964,0.0,0.15814226825849165,0.15688128424954584,0.24623999711538624,0.4283262967342846,0.3634304111558341,0.4657329842470702,0.22250705459599862,0.327993754900055,0.21658997550898196,0.23452172888729372,0.3044853687440441,0.2073612904839739,0.18723669708024393,0.22018652915995396,0.3794298952693682,0.3642595014372054,0.22627274394905728,0.24475724439316282,0.308799226137193,0.30406524045495587,0.29237832206657366,0.2994622780433268,0.2927701497363362,1.0,0.4881150804415063,0.2931615503715741,0.4461743673616546
In Vergilii Aeneide comentarii,0.1873938383337077,0.1474032810290964,0.25119184790613824,0.31084610603157947,0.4342185436493432,0.18823270716054163,0.20689907647264127,0.2535592663710954,0.10676837004655049,0.1912407350499301,0.12926728620984007,0.5368475123348762,0.16999745047488313,0.15814226825849165,1.1102230246251565e-16,0.015940308717951157,0.2677390711245279,0.41638256269765184,0.36597782855374406,0.45728507400732266,0.21602033119961994,0.32072855279028045,0.2529385860102338,0.24822270461115514,0.36828831664952,0.23765176937396226,0.22645243003109805,0.22730244889568474,0.3336624623640577,0.36962988720207823,0.23397717951094477,0.26342081305438225,0.30704032701742,0.29918578418939457,0.29318972274739463,0.29998435319122296,0.293308485617903,1.0,0.4625342409878982,0.3050870056348255,0.44677130362406325
In Vergilii Georgicis comentarii,0.1991655153250239,0.14663041590888315,0.2574602167663651,0.31018835108322307,0.42377094545996286,0.18188264487366135,0.19380673247339364,0.2672657714701139,0.11298311500268277,0.19702283323914427,0.13977544644054118,0.5505024977334243,0.170800058437375,0.15688128424954584,0.01594030871795138,0.0,0.29309228702220125,0.44446290894506346,0.38915860001354974,0.4788200510908933,0.24672172195896203,0.3523023761258841,0.26348932512894363,0.26688364796112096,0.36174475925656935,0.2502695809673393,0.2381325149810648,0.23428025858458612,0.36547401238186394,0.3690334675449284,0.25682177461873457,0.28340832456593557,0.3184811564268111,0.315137600698997,0.3104102940590133,0.3161139148077289,0.30988090215978426,1.0,0.45582071502161037,0.2973126550441666,0.41858113203109737
Adelphi,0.2868044908751116,0.22723983442420792,0.21685571807577475,0.43723575861454833,0.48499324905037267,0.27064679011274595,0.33692864482026896,0.4231426912061692,0.22281042125364692,0.32208082614393585,0.24856850233205696,0.6201940724622439,0.3417113985894924,0.24623999711538624,0.2677390711245279,0.29309228702220125,0.0,0.26958106617109867,0.22262574683513214,0.3380608056821004,0.08274758345316191,0.12085953890729495,0.21702517715460123,0.20948756740115548,0.39363536273982347,0.21971624094120767,0.19475041174350738,0.27583051613183684,0.39534274142411474,0.44841654146320187,0.1914290118913219,0.22952399112437372,0.3190549079705648,0.300465316637315,0.27576938800622397,0.2973232687178087,0.2866927835988303,1.0,0.6135613317269774,0.34808993890094964,0.602861874919298
Andria,0.4263703377721453,0.41201322987244404,0.3774646404799531,0.5538240745384424,0.5995555930153429,0.423947689147243,0.4849821056750315,0.5299876169861085,0.413745065708648,0.4749005044300024,0.39986691766736915,0.700448982777073,0.48128620439778214,0.4283262967342846,0.41638256269765184,0.44446290894506335,0.2695810661710988,0.0,0.1098570804983725,0.12385496588679656,0.252302794369201,0.11769052186581197,0.3857093103258741,0.3816082663111713,0.5378412202382229,0.3858363189181365,0.3636367951650209,0.4424420594826056,0.523520293559218,0.5768299697846537,0.362593744839232,0.39606968288865896,0.46244606489631845,0.4446379670459659,0.4238250676014307,0.44277702123426366,0.43529983016544016,1.0,0.7008984654751165,0.47160570577204464,0.6935936280822887
Eunuchus,0.3791714692199104,0.350001327865753,0.3176526441563877,0.5025493595391235,0.5467960133113909,0.37185510995623416,0.41980518015609025,0.4820504708910901,0.34269275137425315,0.4198671342632586,0.3428451272467734,0.674159131101668,0.4310368547015636,0.3634304111558341,0.36597782855374417,0.38915860001354974,0.22262574683513214,0.1098570804983725,0.0,0.03587181463732658,0.21121705378420674,0.060382044470182916,0.3182094167642413,0.3185477980430065,0.4767115395283107,0.3190949731727091,0.29824875879292145,0.36882134401363365,0.47367012118506224,0.5125653828575925,0.30667480384909773,0.3369755065509884,0.4086503080194649,0.3942925692371798,0.3756839628048886,0.39236680501531507,0.3835334623256925,1.0,0.6536010305621874,0.42866746587531834,0.6408587293742177
Heautontimorumenos,0.4768388891992572,0.45275255880273113,0.42430043825207153,0.5912909098666077,0.6299604328954975,0.4752426721766836,0.5195407194567189,0.5605863578307919,0.44151119385989135,0.517027842986074,0.4472657554778905,0.7199976647667501,0.5197994875875256,0.4657329842470702,0.45728507400732266,0.4788200510908933,0.3380608056821004,0.12385496588679656,0.03587181463732658,0.0,0.32063719486455966,0.10362098233408856,0.42804671461409827,0.42131628945724886,0.5792500055777019,0.42796176881071046,0.40395576064951655,0.473096281970358,0.5429258013757436,0.600251607291393,0.4071722191590236,0.43524383514059894,0.5013835788771748,0.48614138645111926,0.46927803050506933,0.48461807074482943,0.4770849093256073,1.0,0.7225178542370276,0.5272562462982937,0.7143375070297364
Hecyra,0.2621935869877058,0.22048547358689308,0.18836501417979434,0.40349498952600105,0.46767766896875196,0.26268097924921996,0.31314525587567454,0.3611354731452536,0.19522246842563995,0.3004815216948691,0.1920336283104025,0.5934738862094822,0.3354303555037682,0.2225070545959985,0.21602033119961994,0.24672172195896191,0.08274758345316202,0.252302794369201,0.21121705378420685,0.32063719486455966,1.1102230246251565e-16,0.15007432442009772,0.18452619796784642,0.16457374808603997,0.37214354057973775,0.17740713996117286,0.15126183621034905,0.23817315229212332,0.3190021772931977,0.40964152494329165,0.13953958981801595,0.17491774946221328,0.27623834741845166,0.25206928634395676,0.23214606339591326,0.2523965108080678,0.24258466511109789,1.0,0.5921294417763406,0.32271829382902184,0.5840171933386004
Phormio,0.3502285076260876,0.30983536529636513,0.3000857579214896,0.5072266304059437,0.556319999857434,0.35612738751749173,0.4233908532160312,0.4680175994600888,0.29395029584241084,0.39672621475023073,0.31477648735131114,0.6493766858409229,0.4103969655660231,0.327993754900055,0.32072855279028045,0.3523023761258842,0.12085953890729484,0.11769052186581197,0.060382044470182916,0.10362098233408878,0.1500743244200976,2.220446049250313e-16,0.3001376014468581,0.28646093641154113,0.46556541422743525,0.2965716618006864,0.27460454967313697,0.34722842750015936,0.4301045348023711,0.5107175898162323,0.2641456599447074,0.300516792833876,0.39959347094203457,0.37829579686760884,0.3564246868981009,0.3765788689474405,0.3665685214778057,1.0,0.6754282460657769,0.43445395360079153,0.6722272524406929
Amores,0.2377559226825512,0.20665340244466768,0.08674439303309733,0.17001657285731642,0.20300656049736587,0.15306047777513943,0.21991503170073246,0.35862807841261957,0.22568653389350657,0.24808888402807616,0.16970544873406335,0.622091370989369,0.29915816579120613,0.21658997550898218,0.252938586010234,0.26348932512894363,0.21702517715460123,0.3857093103258741,0.3182094167642413,0.4280467146140984,0.18452619796784653,0.3001376014468581,0.0,0.023239940073780274,0.18324551528406308,0.026462321384880916,0.047800787120382604,0.06670572652216922,0.18177657785543333,0.15543408850958385,0.04728123055126732,0.04620025338263867,0.09838229865263937,0.097147361571436,0.08651274015228272,0.09382914546952781,0.09070802258010446,1.0,0.2884150830415436,0.1451708696705113,0.2869275741443652
Epistulae (vel Heroides),0.24944372170211937,0.22376868681110706,0.08845080015196793,0.18160649704520626,0.20208726313897485,0.18932939754393774,0.2565256127140334,0.3741062534019559,0.22331991842738175,0.26907002122152246,0.17574741171247354,0.6188941898835636,0.3134164712834273,0.2345217288872936,0.24822270461115514,0.26688364796112096,0.20948756740115537,0.3816082663111713,0.3185477980430065,0.42131628945724897,0.16457374808603975,0.28646093641154113,0.023239940073780274,0.0,0.21990848090890358,0.03827148170010264,0.06268736715988088,0.06561766834875771,0.14522600867550395,0.14620006534837748,0.028242772542640293,0.028272166184103997,0.09199774615706613,0.08708605304374739,0.07527383629825712,0.08353215318328533,0.08200301485539385,1.0,0.2918074380698784,0.17857500554943417,0.3050966217041098
Medicamina faciei femineae,0.3535580029719776,0.30218022365882224,0.2682737413602978,0.22703228759243888,0.2755483219942275,0.26069863790739745,0.2831142587205715,0.4167370962939765,0.316304391374429,0.28259621243816935,0.26812060142836425,0.6809617696162867,0.41120096415078233,0.3044853687440442,0.3682883166495202,0.36174475925656935,0.39363536273982347,0.537841220238223,0.4767115395283107,0.5792500055777019,0.37214354057973786,0.46556541422743525,0.18324551528406297,0.21990848090890358,0.0,0.15702859643507927,0.20589901699112723,0.18055492275620455,0.31628198411098085,0.22179927081516904,0.23787453458799357,0.22931932583487147,0.25450534397664326,0.26274823443416695,0.26145913556234945,0.2622135769937681,0.25826784584749773,1.0,0.3169395080527475,0.2812532359504305,0.3021663599939348
Ars Amatoria,0.24484729676895556,0.19785937101781226,0.10314182558292206,0.16968577364939752,0.19949147909755893,0.17238239829626645,0.23748557580553764,0.3519425834267186,0.20481800893076407,0.23972619538221618,0.15818475174710533,0.6127685487015485,0.3000813489374139,0.2073612904839739,0.23765176937396215,0.2502695809673393,0.21971624094120767,0.3858363189181364,0.3190949731727092,0.42796176881071046,0.17740713996117308,0.2965716618006865,0.026462321384880916,0.038271481700102306,0.15702859643507938,0.0,0.0454077848387382,0.049019052152242004,0.1707150005445388,0.13974340695696663,0.05351457366413459,0.05530654987127526,0.11285028239142558,0.11020752940564837,0.10079864020315354,0.10674785817340915,0.10332583880231805,1.0,0.2850672911412506,0.17073703554485087,0.28278728505958894
Remedia amoris,0.21325728307621772,0.17558911912854824,0.10914687677655743,0.24524478246240788,0.3042518043632211,0.14445171432455983,0.19567802388972433,0.33004661868902807,0.18631324098837487,0.24027627073612734,0.1734337456572146,0.6019718814169965,0.27310952092308305,0.18723669708024393,0.22645243003109805,0.2381325149810649,0.19475041174350738,0.3636367951650209,0.29824875879292145,0.40395576064951666,0.15126183621034894,0.27460454967313697,0.047800787120382604,0.06268736715988088,0.20589901699112723,0.0454077848387382,0.0,0.11520519328083767,0.23698220719096663,0.26001023795198197,0.07457662260604858,0.09463368021771579,0.13796021850536222,0.12892802882226395,0.1169943389356729,0.12641031399973246,0.12147443289129845,1.0,0.40610970004152536,0.1769789531304662,0.38499839675693415
Fasti,0.2625349016426899,0.2134713120827687,0.13125193871490914,0.1282946296290447,0.15142785554776061,0.1891389061367228,0.2676259876828282,0.35762261941753626,0.20238064350619656,0.225037208559296,0.1590422227319157,0.6151552548101707,0.2987702030995697,0.22018652915995396,0.22730244889568485,0.23428025858458634,0.27583051613183684,0.4424420594826056,0.36882134401363365,0.4730962819703579,0.2381731522921231,0.34722842750015936,0.06670572652216922,0.06561766834875771,0.18055492275620455,0.049019052152242004,0.11520519328083767,0.0,0.15999469248888887,0.08516610171536965,0.08151233214144415,0.07118316789090573,0.139445895885977,0.14451438629813773,0.13845923409622585,0.1407483925347809,0.1384199136735773,1.0,0.20123013145410296,0.1778063126909183,0.21505146326562974
Ibis,0.39048948069168876,0.37739465432068797,0.2403956532364565,0.21561817024032537,0.2463007612275785,0.3344587907702289,0.3939853025392248,0.31407956624282796,0.37944342807381404,0.3125115881653201,0.2339748751755093,0.6665057238845123,0.44083258443122963,0.3794298952693682,0.3336624623640577,0.36547401238186394,0.39534274142411463,0.523520293559218,0.47367012118506224,0.5429258013757436,0.3190021772931977,0.4301045348023711,0.18177657785543333,0.14522600867550395,0.31628198411098085,0.1707150005445388,0.23698220719096663,0.15999469248888887,0.0,0.16951097278073268,0.15539318723639672,0.14190009145436921,0.22306217301988895,0.2198475721930634,0.2206220996932997,0.21991668859093894,0.21603123924990375,1.0,0.2815149445839653,0.29243550808251184,0.3070374353366737
Metamorphoses,0.4100032888705303,0.3648639519582081,0.21881634525733962,0.08137022927183069,0.04859314772196166,0.31385444061099754,0.3727338896515745,0.46232516610042473,0.38104600560273516,0.31954815165124284,0.25070162087951486,0.696613973974858,0.4216234907306602,0.3642595014372054,0.36962988720207823,0.3690334675449284,0.44841654146320187,0.5768299697846537,0.5125653828575925,0.600251607291393,0.40964152494329176,0.5107175898162323,0.15543408850958362,0.14620006534837748,0.22179927081516904,0.13974340695696663,0.2600102379519822,0.08516610171536976,0.1695109727807328,0.0,0.18063704105932676,0.13282805800802766,0.17206767475434415,0.1889939689977348,0.19057796676711358,0.18521427470180785,0.18794829161007587,1.0,0.0723506992735704,0.23059042733996726,0.09497556790312633
Ex Ponto,0.23323266916855856,0.21393951990706572,0.09561025241791032,0.2050111105231649,0.24371466142532017,0.1938547738119515,0.2627916881131579,0.36445137936934313,0.21207682968835606,0.26827742300572477,0.16447755889760696,0.6120369577343748,0.31764411503362566,0.22627274394905728,0.23397717951094477,0.25682177461873457,0.1914290118913219,0.3625937448392318,0.30667480384909773,0.4071722191590236,0.13953958981801595,0.2641456599447074,0.04728123055126732,0.028242772542640404,0.23787453458799357,0.05351457366413459,0.07457662260604847,0.08151233214144438,0.1553931872363965,0.18063704105932676,0.0,0.015961318498284638,0.11428002551401129,0.10574831871516888,0.09224848071594416,0.10121075269826973,0.09810948722645696,1.0,0.3463704499032204,0.19043131333415797,0.3574556288116987
Tristia,0.258706843604108,0.2341037958894755,0.1010924317608225,0.1755463307009808,0.1965903989268447,0.21066128216229585,0.28340347549077005,0.374251562670033,0.23743130548442049,0.28300138907453354,0.1712983782982963,0.6252957683347418,0.3453979933326071,0.24475724439316282,0.26342081305438225,0.28340832456593557,0.22952399112437372,0.39606968288865896,0.3369755065509884,0.43524383514059894,0.17491774946221328,0.3005167928338759,0.04620025338263878,0.02827216618410411,0.22931932583487147,0.05530654987127537,0.0946336802177159,0.07118316789090573,0.14190009145436921,0.13282805800802766,0.015961318498284638,0.0,0.10822018661577404,0.10264400253194572,0.09060724550328825,0.0980668564342464,0.09653687513918241,1.0,0.29262497952721644,0.18811819958677534,0.3097192956966819
B1,0.29282918060313934,0.3099846745621814,0.10660300211336804,0.1705393657159162,0.18059530164842708,0.206133607964751,0.2614801364955963,0.4156907298506213,0.32668876772570654,0.28974849265085745,0.24102007852052876,0.655164960107804,0.29061951705621647,0.308799226137193,0.30704032701742,0.3184811564268111,0.3190549079705648,0.46244606489631834,0.4086503080194649,0.5013835788771748,0.27623834741845166,0.39959347094203457,0.09838229865263926,0.09199774615706602,0.25450534397664326,0.11285028239142547,0.1379602185053621,0.1394458958859771,0.22306217301988895,0.17206767475434415,0.11428002551401129,0.10822018661577404,0.0,0.003753523718733276,0.007106998597631864,0.004161512591939198,0.004499596536503225,1.0,0.26054615267878534,0.17515088212813346,0.25945348563104675
P3,0.2905828247774743,0.3038633745159587,0.10494941302106209,0.18695508450032527,0.2006968077656015,0.210214966630899,0.2682839745709188,0.4110604041253919,0.3187133396050683,0.29602018169041344,0.23561049208855356,0.6487399930041227,0.299612898928282,0.30406524045495587,0.29918578418939457,0.315137600698997,0.300465316637315,0.4446379670459657,0.3942925692371798,0.48614138645111926,0.25206928634395676,0.3782957968676087,0.09714736157143611,0.08708605304374761,0.26274823443416706,0.1102075294056486,0.12892802882226406,0.14451438629813762,0.2198475721930634,0.1889939689977348,0.10574831871516888,0.10264400253194572,0.003753523718733276,2.220446049250313e-16,0.0037109424849134376,0.0021797609196591017,0.0024622708941729465,1.0,0.28946214057276587,0.1858312178960465,0.29016035082481706
W1,0.27971130109533915,0.28967519880983383,0.09535454379181862,0.19353787319321158,0.20384623180060935,0.20693526802393625,0.2635774116535221,0.41107143487164377,0.3016618558466718,0.29785883915918077,0.23077559709273843,0.6445586131235284,0.29654384333499806,0.29237832206657366,0.29318972274739474,0.3104102940590133,0.27576938800622397,0.42382506760143057,0.3756839628048886,0.46927803050506933,0.23214606339591326,0.3564246868981008,0.08651274015228272,0.07527383629825712,0.26145913556234945,0.10079864020315332,0.1169943389356729,0.13845923409622596,0.2206220996932997,0.19057796676711358,0.09224848071594416,0.09060724550328825,0.007106998597631864,0.0037109424849134376,0.0,0.003592560223389496,0.0033204820122798573,1.0,0.30235050747432346,0.18980164332233884,0.3044450208217656
To,0.28051292965157226,0.2987792095917834,0.10472884093641721,0.18459222319667634,0.19859809484038382,0.20790193263854817,0.2648905897045233,0.4130470649394796,0.3155309012142894,0.29379367592688177,0.23472921386574364,0.6489406582629729,0.2955811854000413,0.2994622780433268,0.29998435319122296,0.3161139148077289,0.2973232687178087,0.44277702123426355,0.39236680501531507,0.48461807074482943,0.2523965108080678,0.3765788689474404,0.09382914546952792,0.08353215318328533,0.262213576993768,0.10674785817340926,0.12641031399973257,0.1407483925347809,0.21991668859093894,0.18521427470180785,0.10121075269826973,0.0980668564342464,0.004161512591939198,0.0021797609196591017,0.003592560223389496,0.0,0.002656369673468717,1.0,0.2885353561919928,0.1860382644793126,0.289400643842061
P5,0.2788659240479273,0.2919424161838583,0.10185892358334037,0.18722001589302728,0.20234734131055965,0.2045142193266194,0.26101608658128395,0.40459205879993665,0.3076230494867678,0.28935380742290107,0.23016667064231677,0.6451766905914285,0.2895159163603094,0.2927701497363362,0.293308485617903,0.30988090215978426,0.2866927835988303,0.43529983016544005,0.3835334623256925,0.4770849093256073,0.24258466511109777,0.3665685214778057,0.09070802258010469,0.08200301485539374,0.25826784584749773,0.10332583880231805,0.12147443289129845,0.1384199136735772,0.21603123924990375,0.18794829161007587,0.09810948722645696,0.09653687513918241,0.004499596536503225,0.0024622708941729465,0.0033204820122798573,0.002656369673468717,0.0,1.0,0.29378641364220015,0.18472107861096332,0.294195798298854
F,1.0,1.0,1.0,1.0,1.0,1.0,1.0,1.0,1.0,1.0,1.0,1.0,1.0,1.0,1.0,1.0,1.0,1.0,1.0,1.0,1.0,1.0,1.0,1.0,1.0,1.0,1.0,1.0,1.0,1.0,1.0,1.0,1.0,1.0,1.0,1.0,1.0,1.0,1.0,1.0,1.0
Aeneid,0.5202050595793599,0.5002590274092353,0.32863083369638235,0.09755829189195064,0.06409092100025038,0.3727180088674902,0.42309715707537865,0.5231006598355297,0.5278551488698356,0.3663802825257463,0.3548491172414745,0.755848503833678,0.476690468532587,0.4881150804415063,0.4625342409878981,0.45582071502161037,0.6135613317269774,0.7008984654751165,0.6536010305621874,0.7225178542370276,0.5921294417763406,0.6754282460657768,0.28841508304154373,0.2918074380698784,0.3169395080527475,0.2850672911412506,0.40610970004152547,0.20123013145410296,0.2815149445839654,0.0723506992735704,0.3463704499032204,0.29262497952721644,0.26054615267878534,0.28946214057276587,0.30235050747432346,0.2885353561919928,0.29378641364220015,1.0,0.0,0.26328092170839335,0.03718395089678428
Eclogues,0.29356563636578903,0.29662702646690386,0.19988265649776993,0.19599263265989997,0.20618526197933695,0.13615998410491637,0.2308295080175109,0.3538115216248403,0.3281060652154534,0.2691531380188057,0.22393439418559724,0.6561453639902248,0.298009390208298,0.2931615503715741,0.3050870056348257,0.2973126550441666,0.34808993890094964,0.47160570577204475,0.42866746587531834,0.5272562462982937,0.32271829382902184,0.43445395360079164,0.1451708696705114,0.17857500554943406,0.2812532359504305,0.17073703554485076,0.1769789531304662,0.1778063126909183,0.29243550808251173,0.23059042733996726,0.19043131333415797,0.18811819958677534,0.17515088212813346,0.1858312178960465,0.18980164332233884,0.1860382644793126,0.18472107861096332,1.0,0.26328092170839335,2.220446049250313e-16,0.21170433924017384
Georgicon,0.488789604223993,0.4598837410666107,0.32266905376453614,0.10641982793732796,0.06901393432251368,0.33531158874578815,0.37469525753804866,0.48348371263138723,0.5005669201393756,0.3550249523259593,0.3246291523603353,0.7457334592428835,0.43622867912640306,0.4461743673616546,0.44677130362406337,0.41858113203109737,0.602861874919298,0.6935936280822887,0.6408587293742177,0.7143375070297364,0.5840171933386004,0.6722272524406929,0.2869275741443652,0.3050966217041098,0.3021663599939348,0.28278728505958894,0.38499839675693404,0.2150514632656294,0.3070374353366737,0.09497556790312633,0.3574556288116987,0.3097192956966819,0.25945348563104675,0.29016035082481706,0.3044450208217656,0.289400643842061,0.294195798298854,1.0,0.03718395089678428,0.21170433924017384,2.220446049250313e-16
