,De contemptu mundi,Elementa philosophiae,Elegia,Alexandreis,Bucolicum carmen,Carmina Burana,Rota Veneris,Ars grammatica,Commentarium in Martiani Capellae «De nuptiis Mercurii et Philologiae» I-II,De excidio Troiae historia,De nuptiis Philologiae et Mercurii,Commentarius in Vergilii Aeneidos libros,Liber de doctrina dicendi et tacendi (Tractatus de arte loquendi et tacendi) ,De philosophia,In Vergilii Aeneide comentarii,In Vergilii Georgicis comentarii,Adelphi,Andria,Eunuchus,Heautontimorumenos,Hecyra,Phormio,"Amores, Epistulae, Medicamina faciei femineae, Ars amatoria, Remedia amoris",Fasti,Ibis,Metamorphoses,Ex Ponto,Tristia,B1,P3,W1,To,P5,F,Aeneid,Eclogues,Georgicon
De contemptu mundi,4.440892098500626e-16,0.20711859252380216,0.3686012337255292,0.41200723317881827,0.5568536392196068,0.2653666846504906,0.25773236466877936,0.3487530270683774,0.3909578523035576,0.2660879994865787,0.20514164878348196,0.6636488224550339,0.21857741810980258,0.42256502216325253,0.26568632292643724,0.2808916618774554,0.5562636226898392,0.6012439488297661,0.6095213640889763,0.6767180419466936,0.5351476128228051,0.6906902882637181,0.3311759586700601,0.393666339823149,0.5012591002789036,0.5156681355060915,0.32842581889605105,0.3735744870988428,0.4846026279433814,0.4991290340815798,0.4818239314455224,0.4854689514584146,0.4951756999615281,1.0,0.5252146144024867,0.3570449497217346,0.4710254864127247
Elementa philosophiae,0.20711859252380216,0.0,0.3468332364546489,0.37403824797434626,0.5147477242613827,0.23497591380057847,0.18022174071259156,0.25733090171649553,0.2743663410597681,0.21908948116503602,0.1315385718685288,0.6307361502478073,0.19310890816435777,0.27955837469736,0.19334873250675788,0.2012830142379659,0.5102589766744952,0.6067064519319281,0.5987950030608574,0.6749589699830787,0.5194296666832873,0.6668821974141731,0.29710117563494975,0.32075258911520255,0.49585699996289123,0.44975820491556295,0.31477418508551824,0.3406766496698391,0.4710018354698645,0.48633192315241225,0.46509469193148933,0.47557522722491063,0.48313111244116314,1.0,0.48206154018408276,0.3658106629552108,0.4224314651818001
Elegia,0.3686012337255292,0.3468332364546489,0.0,0.2566013677194253,0.19631377611361578,0.24066817696881393,0.24148823736296166,0.42000415342894704,0.48671718619127424,0.34653364544833765,0.2922942114706484,0.7227998292906425,0.3003718553967052,0.5227878627540492,0.3694515447889333,0.3878256523764655,0.5398700893459274,0.5726717408273069,0.571188020689332,0.6347241001930981,0.4954568922446986,0.6752047074240655,0.15317649542752665,0.20536453905233498,0.319490789983667,0.2532715541791194,0.17847550001405177,0.18241224532928035,0.16173106609876864,0.17493392333545532,0.158796305524614,0.16685715276451252,0.17736041875459085,1.0,0.2677136578300052,0.2526008171919609,0.25980041740285653
Alexandreis,0.41200723317881827,0.37403824797434626,0.2566013677194253,0.0,0.18526792936851577,0.329578436898636,0.3306619652591025,0.4027149058849667,0.5268454846414068,0.3052673784269141,0.27409332731653213,0.7435591641378791,0.3766053505650745,0.5393800186879258,0.40428070316483344,0.41756514509531106,0.6682009831553031,0.7030126180479087,0.6973946161011398,0.7508521711151438,0.6217260370238303,0.7700476289269828,0.21353955048705453,0.16042233306270626,0.2818797157828765,0.15008871556567227,0.2417611680410987,0.20390150976745047,0.3297018229934209,0.34998113644288575,0.3400645916090934,0.34085158160309037,0.3610602002863058,1.0,0.151700172840748,0.2904474240082213,0.155116927034732
Bucolicum carmen,0.5568536392196068,0.5147477242613827,0.19631377611361578,0.18526792936851577,2.220446049250313e-16,0.3943713159485017,0.40034668928655703,0.5249350511286197,0.5698480887846005,0.4385976896549,0.36907641672627,0.7939195438702005,0.47244672520656505,0.6308195299415229,0.5086707792838757,0.5169731391894683,0.6985964195702828,0.7350539112119587,0.7204777985658941,0.7739423346073092,0.6651852951031787,0.7946675814724358,0.21510491597026538,0.13191678906103055,0.2636823916241695,0.0625369391347258,0.24859172941490293,0.18715117592920238,0.1981363276800321,0.21619164151640524,0.21315965674494652,0.21031241288579483,0.2270075026332109,1.0,0.07040926860910246,0.3124872869181903,0.09151332038353754
Carmina Burana,0.2653666846504906,0.23497591380057847,0.24066817696881393,0.329578436898636,0.3943713159485017,0.0,0.18729229801131797,0.3114956246270434,0.4283449583980954,0.24767005592581393,0.2566823232232941,0.6864954320259555,0.220905933571515,0.43752804800212397,0.29958990624796855,0.3068431404031333,0.5552622212717847,0.610857278928826,0.6139536252965716,0.6727362456078407,0.5381264445925522,0.6980298252633035,0.25928634529644823,0.30730283012901394,0.4630332497325116,0.41723031105450836,0.3132672757804904,0.3350287374329538,0.33325865102505114,0.3538739204200002,0.3411235029467369,0.34419976460889734,0.3526556440940237,1.0,0.4050346899423475,0.27835159914564234,0.3515210688900722
Rota Veneris,0.25773236466877936,0.18022174071259156,0.24148823736296166,0.3306619652591025,0.40034668928655703,0.18729229801131797,0.0,0.24418659126025977,0.3484854490652429,0.2279845710642565,0.20682294162403614,0.6707217206488946,0.19205128779932323,0.40151681699148967,0.2643159332715892,0.26797110946271596,0.5871323387119882,0.6494958406397102,0.6378201572078113,0.6910466151328458,0.5573386552527213,0.7207330639902619,0.2771377712127312,0.3149884368763908,0.46616936413559695,0.4065802881785462,0.32653098997645025,0.33786694894220204,0.32667759424258347,0.3486438790707669,0.33336903420245656,0.3384454269072914,0.3441472400535992,1.0,0.3990553926536081,0.32409867435356465,0.34137687203683187
Ars grammatica,0.3487530270683774,0.25733090171649553,0.42000415342894704,0.4027149058849667,0.5249350511286197,0.3114956246270434,0.24418659126025977,0.0,0.4278605823890157,0.2591363678725006,0.1851170392300885,0.6709899763452918,0.2913618039501653,0.4501858017686934,0.3012255104552829,0.32971514151310133,0.6463234112785066,0.6809788492046652,0.6757954198634303,0.7302659607540598,0.5880001578915375,0.742007819268166,0.38613225018484165,0.38110261482994123,0.34664349018837215,0.47361308855433215,0.406721146560016,0.40238624344009755,0.499013463353407,0.5103811434421985,0.5025806865035154,0.5054605342618848,0.5107412001262176,1.0,0.4846569162933283,0.4131939132476614,0.43389027941110947
Commentarium in Martiani Capellae «De nuptiis Mercurii et Philologiae» I-II,0.3909578523035576,0.2743663410597681,0.48671718619127424,0.5268454846414068,0.5698480887846005,0.4283449583980954,0.3484854490652429,0.4278605823890157,0.0,0.4365200742464155,0.303288895167824,0.6504691524764623,0.35463282627586856,0.4875144746416925,0.25016098331997816,0.23930652156233578,0.574503683953366,0.6556673012183134,0.6441632072476126,0.7113000296979604,0.5854296618869146,0.7018047619836634,0.46330127326912296,0.4370652982121229,0.5915124057995507,0.5296757040559763,0.4506475473678997,0.46432469177431157,0.5921779120478483,0.6036567064322329,0.5880290221798332,0.5966864524734359,0.6019760466967159,1.0,0.5769400126126882,0.5462138379684978,0.5488035441572992
De excidio Troiae historia,0.2660879994865787,0.21908948116503602,0.34653364544833765,0.3052673784269141,0.4385976896549,0.24767005592581393,0.2279845710642565,0.2591363678725006,0.4365200742464155,2.220446049250313e-16,0.19019649907376546,0.6771200275865019,0.2505643714256771,0.42735419343171255,0.22334100942978796,0.24062308686583733,0.5910503639310539,0.6565681514777213,0.6467399774237235,0.7107712150609381,0.5575814669272439,0.7138662408659702,0.3130175928545058,0.2897773779706182,0.38556165601099246,0.3848763842664561,0.345488928037633,0.3595989642889542,0.4506934215668882,0.470468741093067,0.46376826794312254,0.46395638258648053,0.47241827378941614,1.0,0.36520051747457605,0.3421696518442958,0.32923623221772025
De nuptiis Philologiae et Mercurii,0.20514164878348196,0.1315385718685288,0.2922942114706484,0.27409332731653213,0.36907641672627,0.2566823232232941,0.20682294162403614,0.1851170392300885,0.303288895167824,0.19019649907376546,0.0,0.6136675363634562,0.2317508207896306,0.3685269082172917,0.1625513878495184,0.18668643125331996,0.5100097920800781,0.5708372707912223,0.5674324849898713,0.6480322943975345,0.4577963738782791,0.6518373752417359,0.21980347561840885,0.21200156395074754,0.2897286091367781,0.29638615098577226,0.21624808712856747,0.2220815968114841,0.4041149397591921,0.4142078407936375,0.3998510666898957,0.40676553150985795,0.4196073907040109,1.0,0.33068742943883445,0.2876422857911277,0.2920207586913206
Commentarius in Vergilii Aeneidos libros,0.6636488224550339,0.6307361502478073,0.7227998292906425,0.7435591641378791,0.7939195438702005,0.6864954320259555,0.6707217206488946,0.6709899763452918,0.6504691524764623,0.6771200275865019,0.6136675363634562,0.0,0.6476147736935723,0.7333090150586328,0.5925821734848771,0.6108795452618934,0.7711495035946155,0.8063078473289043,0.8048095487871587,0.8399337339036234,0.7585458702249988,0.8373963111679505,0.7044580425976272,0.7057461889335145,0.7488096674614229,0.7669694551992046,0.6938622097012357,0.7101683108776023,0.7748796828587534,0.776141108116329,0.769855980247786,0.7746364115004314,0.7773242593872449,1.0,0.7814560505357903,0.7264207653529415,0.7635031022410528
Liber de doctrina dicendi et tacendi (Tractatus de arte loquendi et tacendi) ,0.21857741810980258,0.19310890816435777,0.3003718553967052,0.3766053505650745,0.47244672520656505,0.220905933571515,0.19205128779932323,0.2913618039501653,0.35463282627586856,0.2505643714256771,0.2317508207896306,0.6476147736935723,3.3306690738754696e-16,0.4090995379712129,0.22457595334143898,0.23084082477485346,0.5511007275362007,0.6302502433183457,0.6196368547148001,0.6913134271572385,0.5555739269594432,0.6967148568457291,0.3113030223264568,0.3271805686015695,0.4978807877196878,0.45080813824209576,0.3384313682200363,0.37601831040548883,0.42863934005180804,0.45119401829608885,0.43433168006306155,0.4402401651706901,0.45002824496281135,1.0,0.4481455143506551,0.3311264510445532,0.37808408320330167
De philosophia,0.42256502216325253,0.27955837469736,0.5227878627540492,0.5393800186879258,0.6308195299415229,0.43752804800212397,0.40151681699148967,0.4501858017686934,0.4875144746416925,0.42735419343171255,0.3685269082172917,0.7333090150586328,0.4090995379712129,0.0,0.41721862897525985,0.42463070972223405,0.6506106357714536,0.7204203911915984,0.7119723257445421,0.7674245623640862,0.6381505811908152,0.7621767186540815,0.48927770558567274,0.5041811664928879,0.6298816388482973,0.5991927113198627,0.5039988297885927,0.5223271972661199,0.6109210001527525,0.6225355638870529,0.6079423023797025,0.614900817343375,0.6205907562252069,1.0,0.6186350836590371,0.5356709975173146,0.5742320524583324
In Vergilii Aeneide comentarii,0.26568632292643724,0.19334873250675788,0.3694515447889333,0.40428070316483344,0.5086707792838757,0.29958990624796855,0.2643159332715892,0.3012255104552829,0.25016098331997816,0.22334100942978796,0.1625513878495184,0.5925821734848771,0.22457595334143898,0.41721862897525985,0.0,0.030838113443133475,0.5155852004169459,0.5844622976168563,0.5824792116356396,0.6577950693954675,0.48561421828975704,0.6524263683736494,0.34833507044910217,0.33310414617463213,0.4395322176150648,0.4543237233655566,0.32309164029385706,0.36228298108029766,0.48940548679581686,0.49565640285123247,0.48273076581183316,0.49186849000719823,0.4998451001877724,1.0,0.46958077869432,0.3902507299408299,0.4351231070961731
In Vergilii Georgicis comentarii,0.2808916618774554,0.2012830142379659,0.3878256523764655,0.41756514509531106,0.5169731391894683,0.3068431404031333,0.26797110946271596,0.32971514151310133,0.23930652156233578,0.24062308686583733,0.18668643125331996,0.6108795452618934,0.23084082477485346,0.42463070972223405,0.030838113443133475,0.0,0.5419038244583985,0.6144801791646508,0.6061324965501655,0.6786497667468196,0.518248215867925,0.6786057048802048,0.3691579938512911,0.3489409702319697,0.4879198204580798,0.4670881781992303,0.3587529378323494,0.3949563511454315,0.5090268755803722,0.5191761601825902,0.5077722480823351,0.5161241419864804,0.5235253180643658,1.0,0.476406658817762,0.3980626060772894,0.42756953262647024
Adelphi,0.5562636226898392,0.5102589766744952,0.5398700893459274,0.6682009831553031,0.6985964195702828,0.5552622212717847,0.5871323387119882,0.6463234112785066,0.574503683953366,0.5910503639310539,0.5100097920800781,0.7711495035946155,0.5511007275362007,0.6506106357714536,0.5155852004169459,0.5419038244583985,0.0,0.45894488625621366,0.4631197450046116,0.31297198628037726,0.3038696855895038,0.4424253976840231,0.49775713188161785,0.5925776986009261,0.6678208775079579,0.6900450371859829,0.4764072454987226,0.5176078879364787,0.6569535719427525,0.6541758905089456,0.631342442936601,0.6466845967541794,0.6505952442640843,1.0,0.731788665950387,0.5362187314929372,0.7270296436634214
Andria,0.6012439488297661,0.6067064519319281,0.5726717408273069,0.7030126180479087,0.7350539112119587,0.610857278928826,0.6494958406397102,0.6809788492046652,0.6556673012183134,0.6565681514777213,0.5708372707912223,0.8063078473289043,0.6302502433183457,0.7204203911915984,0.5844622976168563,0.6144801791646508,0.45894488625621366,6.661338147750939e-16,0.1367605495113401,0.30621137414460287,0.3002928056786055,0.47150785981592913,0.5376654477350005,0.6483086136818861,0.6902274660915388,0.7307478079037364,0.5133070236804542,0.5530138793370347,0.6793754644919585,0.6739872142606111,0.6508458143851441,0.6668824700099697,0.672224815420672,1.0,0.7652687665549638,0.560947763924679,0.7636241464382726
Eunuchus,0.6095213640889763,0.5987950030608574,0.571188020689332,0.6973946161011398,0.7204777985658941,0.6139536252965716,0.6378201572078113,0.6757954198634303,0.6441632072476126,0.6467399774237235,0.5674324849898713,0.8048095487871587,0.6196368547148001,0.7119723257445421,0.5824792116356396,0.6061324965501655,0.4631197450046116,0.1367605495113401,2.220446049250313e-16,0.28891364552149923,0.21283012320000083,0.3456941341254215,0.5347390082351021,0.630390950968043,0.6852032533978403,0.7138642085686476,0.523250598264051,0.5604868092308848,0.6855514712631832,0.683306702183091,0.6641407116639619,0.6762766223955827,0.6811239051520487,1.0,0.7492056141146888,0.568512074917615,0.7430413007497472
Heautontimorumenos,0.6767180419466936,0.6749589699830787,0.6347241001930981,0.7508521711151438,0.7739423346073092,0.6727362456078407,0.6910466151328458,0.7302659607540598,0.7113000296979604,0.7107712150609381,0.6480322943975345,0.8399337339036234,0.6913134271572385,0.7674245623640862,0.6577950693954675,0.6786497667468196,0.31297198628037726,0.30621137414460287,0.28891364552149923,2.220446049250313e-16,0.43443042998621073,0.475238329396941,0.6075312428740589,0.7058512876764812,0.7353209103808623,0.7692916465268125,0.5952845989511711,0.6227722762116322,0.7208308064478137,0.7182705274424191,0.7016720984745225,0.7129340248408926,0.7156889823139841,1.0,0.7980087836791411,0.6299518088937279,0.7972285916370337
Hecyra,0.5351476128228051,0.5194296666832873,0.4954568922446986,0.6217260370238303,0.6651852951031787,0.5381264445925522,0.5573386552527213,0.5880001578915375,0.5854296618869146,0.5575814669272439,0.4577963738782791,0.7585458702249988,0.5555739269594432,0.6381505811908152,0.48561421828975704,0.518248215867925,0.3038696855895038,0.3002928056786055,0.21283012320000083,0.43443042998621073,2.220446049250313e-16,0.36056800602585737,0.4520202763387584,0.5568541915366139,0.583386669286758,0.6410273135938285,0.4142058643919725,0.451782374110714,0.602779581088537,0.5971437925068122,0.5773130312865684,0.5917664855689193,0.5981719675248443,1.0,0.6849529179752277,0.4845889998685995,0.6860899256946917
Phormio,0.6906902882637181,0.6668821974141731,0.6752047074240655,0.7700476289269828,0.7946675814724358,0.6980298252633035,0.7207330639902619,0.742007819268166,0.7018047619836634,0.7138662408659702,0.6518373752417359,0.8373963111679505,0.6967148568457291,0.7621767186540815,0.6524263683736494,0.6786057048802048,0.4424253976840231,0.47150785981592913,0.3456941341254215,0.475238329396941,0.36056800602585737,2.220446049250313e-16,0.643901824063013,0.7141724009483681,0.7451913958053789,0.7821667550796124,0.6183042408701547,0.646923003895036,0.7612360308526497,0.756634195092114,0.7408708340334194,0.7518850796726313,0.7543524750842068,1.0,0.8210383277268365,0.6771382713285272,0.8227642452121373
"Amores, Epistulae, Medicamina faciei femineae, Ars amatoria, Remedia amoris",0.3311759586700601,0.29710117563494975,0.15317649542752665,0.21353955048705453,0.21510491597026538,0.25928634529644823,0.2771377712127312,0.38613225018484165,0.46330127326912296,0.3130175928545058,0.21980347561840885,0.7044580425976272,0.3113030223264568,0.48927770558567274,0.34833507044910217,0.3691579938512911,0.49775713188161785,0.5376654477350005,0.5347390082351021,0.6075312428740589,0.4520202763387584,0.643901824063013,6.661338147750939e-16,0.09534106374345364,0.24839986483364007,0.16872512952464014,0.05993831636326363,0.06251634713634768,0.254876541758019,0.2729638197208657,0.2470379163202503,0.25901402428010456,0.2742057048670762,1.0,0.21507505129841864,0.12623103101496558,0.2060987538036726
Fasti,0.393666339823149,0.32075258911520255,0.20536453905233498,0.16042233306270626,0.13191678906103055,0.30730283012901394,0.3149884368763908,0.38110261482994123,0.4370652982121229,0.2897773779706182,0.21200156395074754,0.7057461889335145,0.3271805686015695,0.5041811664928879,0.33310414617463213,0.3489409702319697,0.5925776986009261,0.6483086136818861,0.630390950968043,0.7058512876764812,0.5568541915366139,0.7141724009483681,0.09534106374345364,0.0,0.20564171841703438,0.06757872013319055,0.12694777305602134,0.09453520862293086,0.2870901065672634,0.30666975790388695,0.2930329004347756,0.2973115342451105,0.31600933982089696,1.0,0.10425255819381818,0.21465122537417836,0.11510013287029341
Ibis,0.5012591002789036,0.49585699996289123,0.319490789983667,0.2818797157828765,0.2636823916241695,0.4630332497325116,0.46616936413559695,0.34664349018837215,0.5915124057995507,0.38556165601099246,0.2897286091367781,0.7488096674614229,0.4978807877196878,0.6298816388482973,0.4395322176150648,0.4879198204580798,0.6678208775079579,0.6902274660915388,0.6852032533978403,0.7353209103808623,0.583386669286758,0.7451913958053789,0.24839986483364007,0.20564171841703438,0.0,0.19372440820856762,0.199574310617035,0.17321636322442246,0.3829865661255035,0.38868820856152,0.3796183377810769,0.38304280045342665,0.397393453016627,1.0,0.2510897064734645,0.34506182789607953,0.27452540304029205
Metamorphoses,0.5156681355060915,0.44975820491556295,0.2532715541791194,0.15008871556567227,0.0625369391347258,0.41723031105450836,0.4065802881785462,0.47361308855433215,0.5296757040559763,0.3848763842664561,0.29638615098577226,0.7669694551992046,0.45080813824209576,0.5991927113198627,0.4543237233655566,0.4670881781992303,0.6900450371859829,0.7307478079037364,0.7138642085686476,0.7692916465268125,0.6410273135938285,0.7821667550796124,0.16872512952464014,0.06757872013319055,0.19372440820856762,0.0,0.18795038135721387,0.1185334017833497,0.292590641882004,0.3126755157571637,0.3037200160553746,0.30333369237084506,0.3267294882073597,1.0,0.04491723874700304,0.30320320686662317,0.07305780752805124
Ex Ponto,0.32842581889605105,0.31477418508551824,0.17847550001405177,0.2417611680410987,0.24859172941490293,0.3132672757804904,0.32653098997645025,0.406721146560016,0.4506475473678997,0.345488928037633,0.21624808712856747,0.6938622097012357,0.3384313682200363,0.5039988297885927,0.32309164029385706,0.3587529378323494,0.4764072454987226,0.5133070236804542,0.523250598264051,0.5952845989511711,0.4142058643919725,0.6183042408701547,0.05993831636326363,0.12694777305602134,0.199574310617035,0.18795038135721387,0.0,0.026194302636725952,0.27072030449712614,0.2805394602712492,0.2535064925468725,0.26767239259874476,0.28330046400131215,1.0,0.2640377557994896,0.16513993883236244,0.27089460346631766
Tristia,0.3735744870988428,0.3406766496698391,0.18241224532928035,0.20390150976745047,0.18715117592920238,0.3350287374329538,0.33786694894220204,0.40238624344009755,0.46432469177431157,0.3595989642889542,0.2220815968114841,0.7101683108776023,0.37601831040548883,0.5223271972661199,0.36228298108029766,0.3949563511454315,0.5176078879364787,0.5530138793370347,0.5604868092308848,0.6227722762116322,0.451782374110714,0.646923003895036,0.06251634713634768,0.09453520862293086,0.17321636322442246,0.1185334017833497,0.026194302636725952,1.1102230246251565e-16,0.26203631336112665,0.27399316548486097,0.2503652413546277,0.2611558637761028,0.27928688305559246,1.0,0.1977591906616053,0.18308219218577126,0.21705244723365358
B1,0.4846026279433814,0.4710018354698645,0.16173106609876864,0.3297018229934209,0.1981363276800321,0.33325865102505114,0.32667759424258347,0.499013463353407,0.5921779120478483,0.4506934215668882,0.4041149397591921,0.7748796828587534,0.42863934005180804,0.6109210001527525,0.48940548679581686,0.5090268755803722,0.6569535719427525,0.6793754644919585,0.6855514712631832,0.7208308064478137,0.602779581088537,0.7612360308526497,0.254876541758019,0.2870901065672634,0.3829865661255035,0.292590641882004,0.27072030449712614,0.26203631336112665,4.440892098500626e-16,0.005194663941042954,0.0076035540978739435,0.004196014663770287,0.005668174736895293,1.0,0.31681825440532807,0.3335241015966297,0.3068932681757208
P3,0.4991290340815798,0.48633192315241225,0.17493392333545532,0.34998113644288575,0.21619164151640524,0.3538739204200002,0.3486438790707669,0.5103811434421985,0.6036567064322329,0.470468741093067,0.4142078407936375,0.776141108116329,0.45119401829608885,0.6225355638870529,0.49565640285123247,0.5191761601825902,0.6541758905089456,0.6739872142606111,0.683306702183091,0.7182705274424191,0.5971437925068122,0.756634195092114,0.2729638197208657,0.30666975790388695,0.38868820856152,0.3126755157571637,0.2805394602712492,0.27399316548486097,0.005194663941042954,6.661338147750939e-16,0.004681692654820435,0.003387197299421607,0.003038688027394043,1.0,0.3414279275434343,0.3549366348672608,0.33539654195049406
W1,0.4818239314455224,0.46509469193148933,0.158796305524614,0.3400645916090934,0.21315965674494652,0.3411235029467369,0.33336903420245656,0.5025806865035154,0.5880290221798332,0.46376826794312254,0.3998510666898957,0.769855980247786,0.43433168006306155,0.6079423023797025,0.48273076581183316,0.5077722480823351,0.631342442936601,0.6508458143851441,0.6641407116639619,0.7016720984745225,0.5773130312865684,0.7408708340334194,0.2470379163202503,0.2930329004347756,0.3796183377810769,0.3037200160553746,0.2535064925468725,0.2503652413546277,0.0076035540978739435,0.004681692654820435,4.440892098500626e-16,0.003934268899199123,0.005243962279880776,1.0,0.33688487250833954,0.33595064613430925,0.3305115744545055
To,0.4854689514584146,0.47557522722491063,0.16685715276451252,0.34085158160309037,0.21031241288579483,0.34419976460889734,0.3384454269072914,0.5054605342618848,0.5966864524734359,0.46395638258648053,0.40676553150985795,0.7746364115004314,0.4402401651706901,0.614900817343375,0.49186849000719823,0.5161241419864804,0.6466845967541794,0.6668824700099697,0.6762766223955827,0.7129340248408926,0.5917664855689193,0.7518850796726313,0.25901402428010456,0.2973115342451105,0.38304280045342665,0.30333369237084506,0.26767239259874476,0.2611558637761028,0.004196014663770287,0.003387197299421607,0.003934268899199123,0.0,0.004198311311177871,1.0,0.33397119280542487,0.3448679676874671,0.3271551643744993
P5,0.4951756999615281,0.48313111244116314,0.17736041875459085,0.3610602002863058,0.2270075026332109,0.3526556440940237,0.3441472400535992,0.5107412001262176,0.6019760466967159,0.47241827378941614,0.4196073907040109,0.7773242593872449,0.45002824496281135,0.6205907562252069,0.4998451001877724,0.5235253180643658,0.6505952442640843,0.672224815420672,0.6811239051520487,0.7156889823139841,0.5981719675248443,0.7543524750842068,0.2742057048670762,0.31600933982089696,0.397393453016627,0.3267294882073597,0.28330046400131215,0.27928688305559246,0.005668174736895293,0.003038688027394043,0.005243962279880776,0.004198311311177871,0.0,1.0,0.35694711748740515,0.35791127041523474,0.349583682708555
F,1.0,1.0,1.0,1.0,1.0,1.0,1.0,1.0,1.0,1.0,1.0,1.0,1.0,1.0,1.0,1.0,1.0,1.0,1.0,1.0,1.0,1.0,1.0,1.0,1.0,1.0,1.0,1.0,1.0,1.0,1.0,1.0,1.0,1.0,1.0,1.0,1.0
Aeneid,0.5252146144024867,0.48206154018408276,0.2677136578300052,0.151700172840748,0.07040926860910246,0.4050346899423475,0.3990553926536081,0.4846569162933283,0.5769400126126882,0.36520051747457605,0.33068742943883445,0.7814560505357903,0.4481455143506551,0.6186350836590371,0.46958077869432,0.476406658817762,0.731788665950387,0.7652687665549638,0.7492056141146888,0.7980087836791411,0.6849529179752277,0.8210383277268365,0.21507505129841864,0.10425255819381818,0.2510897064734645,0.04491723874700304,0.2640377557994896,0.1977591906616053,0.31681825440532807,0.3414279275434343,0.33688487250833954,0.33397119280542487,0.35694711748740515,1.0,3.3306690738754696e-16,0.2801997805823948,0.03447393400978893
Eclogues,0.3570449497217346,0.3658106629552108,0.2526008171919609,0.2904474240082213,0.3124872869181903,0.27835159914564234,0.32409867435356465,0.4131939132476614,0.5462138379684978,0.3421696518442958,0.2876422857911277,0.7264207653529415,0.3311264510445532,0.5356709975173146,0.3902507299408299,0.3980626060772894,0.5362187314929372,0.560947763924679,0.568512074917615,0.6299518088937279,0.4845889998685995,0.6771382713285272,0.12623103101496558,0.21465122537417836,0.34506182789607953,0.30320320686662317,0.16513993883236244,0.18308219218577126,0.3335241015966297,0.3549366348672608,0.33595064613430925,0.3448679676874671,0.35791127041523474,1.0,0.2801997805823948,0.0,0.24215146268532095
Georgicon,0.4710254864127247,0.4224314651818002,0.2598004174028563,0.155116927034732,0.09151332038353766,0.3515210688900722,0.341376872036832,0.43389027941110947,0.5488035441572992,0.32923623221772036,0.2920207586913204,0.7635031022410528,0.37808408320330156,0.5742320524583324,0.4351231070961731,0.42756953262647024,0.7270296436634214,0.7636241464382726,0.7430413007497472,0.7972285916370337,0.6860899256946917,0.8227642452121373,0.2060987538036726,0.11510013287029364,0.27452540304029216,0.07305780752805147,0.27089460346631744,0.21705244723365325,0.3068932681757208,0.33539654195049406,0.3305115744545055,0.32715516437449954,0.3495836827085549,1.0,0.03447393400978893,0.24215146268532084,0.0
