,Elementa philosophiae,Bucolicum carmen,Heautontimorumenos,Phormio,Elegia,Liber de doctrina dicendi et tacendi (Tractatus de arte loquendi et tacendi) ,Rota Veneris,In Vergilii Georgicis comentarii,De excidio Troiae historia,De contemptu mundi,Ars grammatica,Eunuchus,Andria,Commentarius in Vergilii Aeneidos libros,De philosophia,In Vergilii Aeneide comentarii,De nuptiis Philologiae et Mercurii,Adelphi,Alexandreis,Carmina Burana,Hecyra,Commentarium in Martiani Capellae «De nuptiis Mercurii et Philologiae» I-II,B1,P3,To,W1,P5,Metamorphoses,Tristia,Amores,Epistulae (vel Heroides),Medicamina faciei femineae,Ars Amatoria,Remedia amoris,Ibis,Fasti,Ex Ponto,Aeneid,Eclogues,Georgicon
Elementa philosophiae,0.0,1.1864631111352164,1.255383374573345,1.2464961890156343,1.1897401240333159,1.0715643363669827,1.0972215391446736,0.8532512433890523,1.1458708133442796,1.200178638738396,0.9642905538322213,1.249046522629654,1.2278949584330339,1.1791417011790866,0.855623156374521,0.8103414566031881,0.8138873841630485,1.2014532338309054,1.0622128947559313,0.9911836462222307,1.2150628279348263,0.9120125873351392,1.1690184302453848,1.1782767637772145,1.1745357798871976,1.1750684950818986,1.1777285690493757,1.056717118078997,1.0464455664597647,1.0797211593183131,1.0627879521571477,1.3359205234726124,1.0738787921148232,1.1490605097150675,1.229213492583621,1.028938507367914,1.0494934959327094,1.0916186094940579,1.2119456761580183,1.102733681998613
Bucolicum carmen,1.1864631111352164,0.0,1.3208225937088371,1.3270257603496938,1.1688928594340986,1.2371646661755085,1.2279558031877524,1.1608398922342777,1.2577161891840951,1.3194647508453958,1.1942010362882998,1.3171376344117223,1.307675271271209,1.3078645853592243,1.2512443664178454,1.142746354720497,1.0914286716762334,1.3052129739574334,1.0119091902490693,1.1372114439913064,1.2918302775361648,1.1940482249912423,1.0772025888816323,1.0848205462956357,1.0840737758317058,1.0875160674281303,1.093078401069008,0.8430152618346118,1.0177582180523623,1.0879155234389644,1.0254054489683553,1.3368663040384645,1.0778565046023298,1.2155958148523665,1.1772816072758867,0.9786827361868428,1.069962733512384,0.8658056296745831,1.2163814827455222,0.9676753070824596
Heautontimorumenos,1.255383374573345,1.3208225937088371,0.0,1.1170517951026122,1.3029315757371014,1.3056892155346316,1.3145410196997125,1.2424037165087556,1.3289777347810663,1.3406660412407247,1.2847474717391423,1.0892825025100183,1.0410983964707625,1.328017513983334,1.3067859465901959,1.2203580000703724,1.2327135620666456,1.0788212290718489,1.2979895245396618,1.2646955981383063,1.1468405742656185,1.2624066887529497,1.3005918465810158,1.299342247451097,1.2981437792998212,1.2971886661534513,1.299323166964491,1.2897065773524887,1.2346968019181852,1.2534940082261972,1.2254330700888023,1.390615603705719,1.2789398690311609,1.2992673168178848,1.3292069124645065,1.27619100747678,1.2299095713291843,1.3081350511154695,1.3098064923555082,1.3235680098862257
Phormio,1.2464961890156343,1.3270257603496938,1.1170517951026122,0.0,1.3126774322802044,1.3040782856038504,1.3222216955863897,1.2368230009344585,1.3272428098594582,1.341578032959427,1.2857617354031607,1.098344992088165,1.1250855779063773,1.3238837907799414,1.3010719054173157,1.2106537769813919,1.2283964516557047,1.130427851771379,1.3035705901051118,1.2723762854135843,1.1077715104435355,1.2522457474682538,1.3149570373697452,1.313037118821979,1.3118815116811173,1.3112752528513387,1.313004401947073,1.2929784554931383,1.24158105513971,1.2648861197883985,1.2371078554110082,1.390553958147263,1.2829987103856035,1.304131116182613,1.330002201630815,1.2759666903828746,1.235469826168868,1.317382673208717,1.3204501848194263,1.332444068820941
Elegia,1.1897401240333159,1.1688928594340986,1.3029315757371014,1.3126774322802044,0.0,1.2394560103841497,1.2420983323180876,1.1839340420817592,1.282578972052113,1.3143034411221566,1.2193727074906175,1.3040968737581913,1.2884723894001078,1.3106674582839704,1.2607310166092132,1.1634304670784166,1.1566185943740925,1.2914944085373554,1.1575343687852968,1.1590083908818838,1.285710363907385,1.2241893911473107,1.154732861731452,1.1582818699227895,1.1573486253535687,1.157883527571743,1.1619246725991255,1.117586868293729,1.1311408060980919,1.1622343788565868,1.1262731322662882,1.361880872218823,1.1708889965457887,1.2398949362461338,1.2555295764546437,1.1403406140523658,1.1429283922385411,1.1334386807873544,1.2659177981518726,1.1734665674409313
Liber de doctrina dicendi et tacendi (Tractatus de arte loquendi et tacendi) ,1.0715643363669827,1.2371646661755085,1.3056892155346318,1.3040782856038504,1.2394560103841497,0.0,1.1933001877399911,1.0559132881310742,1.233005082414899,1.2590558072655744,1.1141137090142696,1.3016744063461103,1.2884260710060418,1.2561335184827451,1.182697926678907,1.0312249752093798,1.0725269108838784,1.2751417163131102,1.1732012716095515,1.1045050603679303,1.2822714057559008,1.1092612032657312,1.2215172814470427,1.2304683470743678,1.2272715406350576,1.2290545398616115,1.2303212872184055,1.1682415570831965,1.1739225121833867,1.1863780397112522,1.1677886713362056,1.3632166582172975,1.1834571261753395,1.2275116225788067,1.2838604713366628,1.1524805610170517,1.1697679238858145,1.1744895232446535,1.2634806761466968,1.1819557404379561
Rota Veneris,1.0972215391446736,1.2279558031877524,1.3145410196997127,1.3222216955863897,1.2420983323180876,1.1933001877399911,0.0,1.1107176572271125,1.244921167544722,1.2853889101849665,1.129103329803251,1.3162245978998428,1.3056873682139676,1.2812600091539366,1.2009539491285042,1.0919301637052168,1.0937031401627366,1.297895834786048,1.1769858903126451,1.1253857351586334,1.294692824154571,1.1433957853607628,1.2039785909908625,1.2118684605003278,1.2098583344238876,1.210479165726703,1.2115886844435326,1.171273109606659,1.1815897811263467,1.1951578230366622,1.1826987846212669,1.3620197908387923,1.2008460489426664,1.248319305727027,1.287812638408571,1.1721963966127296,1.1883139811344745,1.1752376493198544,1.2750365308806995,1.189486617488569
In Vergilii Georgicis comentarii,0.8532512433890523,1.1608398922342777,1.2424037165087556,1.2368230009344585,1.1839340420817592,1.0559132881310742,1.1107176572271125,0.0,1.1253914088717634,1.2071015996508432,0.9731877580739297,1.2365235711191789,1.2139213680035519,1.1321254569817372,1.0577706453612556,0.4543495126691295,0.8009831028887987,1.1969588202204946,1.055150692892911,0.9975531365223342,1.1958915187010422,0.8218108254936507,1.1659323841327682,1.1728227266015319,1.1723782743030784,1.1729595081825013,1.1762768234792382,1.029502586256745,1.0433358915677617,1.084232020040866,1.052141479926517,1.3386462595205877,1.074753190052272,1.1505788124594878,1.2061039374605533,1.0025241213553084,1.0387284670002743,1.046400898657469,1.198188263714394,1.043678259852925
De excidio Troiae historia,1.1458708133442796,1.2577161891840951,1.3289777347810663,1.3272428098594582,1.282578972052113,1.233005082414899,1.244921167544722,1.1253914088717634,0.0,1.2987648418329827,1.165269156832806,1.325574497527072,1.3167768082083968,1.2914723568965412,1.230733076316216,1.0935374550290147,1.1167447805396284,1.3085516415814147,1.1812293518403825,1.1784411856744914,1.3040580140463403,1.2069324583520555,1.2647477991645169,1.2707190679004745,1.2699023710830366,1.2716846040281065,1.2718131230366496,1.1798965844804286,1.2086687751550904,1.2239287725665566,1.2078615804532007,1.3651155808959872,1.2193826761497415,1.2701142582113905,1.27905579206696,1.1814035137165866,1.2136630653541436,1.1745855757014003,1.2894905636515241,1.2039441710852525
De contemptu mundi,1.200178638738396,1.3194647508453958,1.3406660412407247,1.341578032959427,1.3143034411221566,1.2590558072655744,1.2853889101849665,1.2071015996508432,1.2987648418329827,0.0,1.2451265145589554,1.3392442861251161,1.3269773138560326,1.3173808081944178,1.2677454995769462,1.190405365274389,1.1911368453282487,1.3258585813290236,1.2675991416137251,1.2266439811365284,1.32602556682253,1.2348825632080054,1.3054336903239794,1.3091643254663794,1.306867632407173,1.3080984702692113,1.3088526296433978,1.2764629691719913,1.260523377431164,1.2729392044145278,1.264315505713507,1.3821609719282275,1.2755552375644066,1.3019116762578662,1.3301622761133614,1.2647784192272238,1.2570572162806393,1.283231264051568,1.3207198262924813,1.2895044612332944
Ars grammatica,0.9642905538322213,1.1942010362882998,1.2847474717391423,1.2857617354031607,1.2193727074906175,1.1141137090142696,1.129103329803251,0.9731877580739297,1.165269156832806,1.2451265145589554,0.0,1.282405568466694,1.2662434935193394,1.2090121183010234,1.11201998835601,0.9208215722817759,0.866225600671455,1.2641140172406422,1.0898761307432232,1.0414261163297691,1.2468174173053437,1.0408918397395348,1.1856744704667523,1.1930096529075436,1.1916652800140375,1.1927562850278413,1.1938294372718823,1.0819780940414894,1.0912880520076091,1.132522674913517,1.1066503840311495,1.3476781313357615,1.1250495169572299,1.1958447940665045,1.1744125048292935,1.0753237837002123,1.1109451334223248,1.0992659798875477,1.2313423387890892,1.1178563442622786
Eunuchus,1.249046522629654,1.3171376344117223,1.0892825025100183,1.098344992088165,1.3040968737581913,1.3016744063461103,1.3162245978998428,1.2365235711191789,1.325574497527072,1.3392442861251161,1.282405568466694,0.0,1.0233617330589126,1.3255485871034003,1.3021099001048457,1.2143321247042203,1.225332606162388,1.1986349619719618,1.29531859689934,1.2646580967240735,1.0975901855209396,1.2564185506075798,1.3069993734803595,1.306495495509876,1.304773997511705,1.3044424750639287,1.3063931872515133,1.2837477698205855,1.2383676582369965,1.2533901796915512,1.2287973886955004,1.3886998390843759,1.2737106728174257,1.2961943436422005,1.329043989148309,1.2676570539109908,1.2318413122223815,1.3029321157525497,1.3115059499488442,1.3170703080875596
Andria,1.2278949584330339,1.307675271271209,1.0410983964707625,1.1250855779063773,1.2884723894001078,1.2884260710060418,1.3056873682139676,1.2139213680035519,1.3167768082083968,1.3269773138560326,1.2662434935193394,1.0233617330589126,0.0,1.3132774877328552,1.2894810693742367,1.1845079981866993,1.1984518160524429,1.166687692015644,1.2802387804203634,1.2424254923811222,1.0908937285390805,1.2382992150634815,1.2854242751604308,1.2833489804008438,1.2815069729358408,1.2806138076650317,1.2834189721846538,1.273266424566077,1.2076147434140097,1.2309173969561409,1.1996303364474852,1.3857532118090827,1.2532849039222378,1.2795266478249652,1.3180172986778762,1.2540812945690019,1.1989150738736096,1.294776815950672,1.2941057140270178,1.3119041258291384
Commentarius in Vergilii Aeneidos libros,1.1791417011790866,1.3078645853592243,1.328017513983334,1.3238837907799414,1.3106674582839704,1.2561335184827451,1.2812600091539366,1.1321254569817372,1.2914723568965412,1.3173808081944178,1.2090121183010234,1.3255485871034003,1.3132774877328552,0.0,1.2557175141738814,1.0900800114567004,1.1527351573930489,1.3058808449083121,1.2611153713886132,1.2356335231587061,1.3049908704911763,1.1699521056576025,1.3014929378675026,1.3027508642321715,1.302525505167613,1.3027658266455575,1.3038660356493283,1.2532667503447736,1.243061873923596,1.2642725987063423,1.2492652163396216,1.3801148038804303,1.26009751720506,1.2892285831472727,1.3121562997726053,1.237533673487761,1.2417398720105173,1.2623440531834242,1.3175935219221644,1.2773947685277203
De philosophia,0.855623156374521,1.2512443664178454,1.3067859465901959,1.3010719054173157,1.2607310166092132,1.182697926678907,1.2009539491285042,1.0577706453612556,1.230733076316216,1.2677454995769462,1.11201998835601,1.3021099001048457,1.2894810693742367,1.2557175141738814,0.0,1.033021314903351,1.0311827861220484,1.2719788154076401,1.176737594650846,1.1314040882796323,1.2731869209045257,1.099562277413999,1.2458439841910225,1.2521674825426103,1.2498481922686153,1.2502610950066344,1.2519556444580302,1.1754362762137724,1.1702799195390816,1.1904748221566233,1.1798497916075044,1.3592985737452448,1.186705654844422,1.23516423822931,1.2864205828544193,1.157375422075648,1.1724428754294047,1.1949680789973225,1.2751951988262955,1.201844863443309
In Vergilii Aeneide comentarii,0.8103414566031881,1.142746354720497,1.2203580000703724,1.2106537769813919,1.1634304670784166,1.0312249752093798,1.0919301637052168,0.4543495126691295,1.0935374550290147,1.190405365274389,0.9208215722817759,1.2143321247042203,1.1845079981866993,1.0900800114567004,1.033021314903351,0.0,0.730499141865427,1.1701708870347247,1.0210606879891586,0.9664657591375864,1.1664522920743388,0.7965299782604611,1.1402816930228652,1.1453176014564455,1.1444534321092998,1.1448974540611299,1.149200842958164,0.9937326266937321,0.9952120028469957,1.051772499237491,1.0074450086677902,1.3365551195708492,1.0415550739258115,1.1260571382738238,1.1719878686079812,0.9642755589872327,0.9891225832977454,1.0054760005149819,1.1862677165864999,1.0562797400772272
De nuptiis Philologiae et Mercurii,0.8138873841630485,1.0914286716762334,1.2327135620666454,1.2283964516557047,1.1566185943740925,1.0725269108838784,1.0937031401627366,0.8009831028887987,1.1167447805396284,1.1911368453282487,0.866225600671455,1.225332606162388,1.1984518160524429,1.1527351573930489,1.0311827861220484,0.730499141865427,0.0,1.1901238065026052,0.9710771710804651,0.9818449078433655,1.1765477173008003,0.9150058019302405,1.1206765460322545,1.1270278554563375,1.1249343792972655,1.1264566911943648,1.131323151521512,0.9055897933911582,0.9389833532129163,1.0142244343126379,0.9659204557176579,1.3218388666481036,0.9996367707366604,1.1202857132898267,1.1317420812426762,0.9247359321154343,0.9606674417825604,0.9511315537013952,1.172523181823902,0.9995717429327549
Adelphi,1.2014532338309054,1.3052129739574334,1.0788212290718489,1.130427851771379,1.2914944085373554,1.2751417163131102,1.297895834786048,1.1969588202204946,1.3085516415814147,1.3258585813290236,1.2641140172406422,1.1986349619719618,1.166687692015644,1.3058808449083121,1.2719788154076401,1.1701708870347247,1.1901238065026052,0.0,1.278100295862272,1.234511820464157,1.1281612571127555,1.2158337598585949,1.2921809888329103,1.2911784234968782,1.2895772349950707,1.289058685395263,1.2908567119034704,1.2671715355215571,1.2129219963563322,1.2339762362382098,1.2046220899025146,1.3832681039455228,1.2539648605868305,1.280504281507761,1.3209711127641708,1.2453818752044654,1.2046456285901068,1.2905498475903308,1.299392082310169,1.3071305043906627
Alexandreis,1.0622128947559313,1.0119091902490693,1.2979895245396618,1.3035705901051118,1.1575343687852968,1.1732012716095515,1.1769858903126451,1.055150692892911,1.1812293518403825,1.2675991416137251,1.0898761307432232,1.29531859689934,1.2802387804203634,1.2611153713886132,1.176737594650846,1.0210606879891586,0.9710771710804651,1.278100295862272,0.0,1.0633807246005913,1.265679899126113,1.1349538779279273,1.1064262636191327,1.116573672274113,1.1140416828623034,1.1165851088179424,1.1238299974147026,0.8153935973072022,0.9614966965132791,1.038411435722633,0.9738733899578615,1.3240864442593936,1.0296966554680034,1.1713455928651315,1.1484597852406677,0.9244924922502559,1.0092460596377109,0.8313971845348931,1.1906227569665777,0.9426916161160909
Carmina Burana,0.9911836462222307,1.1372114439913064,1.2646955981383063,1.2723762854135843,1.1590083908818838,1.1045050603679303,1.1253857351586334,0.9975531365223342,1.1784411856744914,1.2266439811365284,1.0414261163297691,1.2646580967240735,1.2424254923811222,1.2356335231587061,1.1314040882796323,0.9664657591375864,0.9818449078433655,1.234511820464157,1.0633807246005913,0.0,1.236113209413942,1.0764196461679743,1.1130718122402945,1.1244440019244557,1.1212885049458317,1.124443088754384,1.1253593305575698,1.0642001538925343,1.0716121433839427,1.0835849847048056,1.0616776690495924,1.3408188589608714,1.0942481140846871,1.1667678820188179,1.2310438219846873,1.0507308121861547,1.0770831032554762,1.066783908861177,1.198184857896602,1.0919730821150446
Hecyra,1.2150628279348263,1.2918302775361648,1.1468405742656185,1.1077715104435355,1.285710363907385,1.2822714057559008,1.294692824154571,1.1958915187010422,1.3040580140463403,1.32602556682253,1.2468174173053437,1.0975901855209396,1.0908937285390805,1.3049908704911763,1.2731869209045257,1.1664522920743388,1.1765477173008003,1.1281612571127555,1.265679899126113,1.236113209413942,0.0,1.2305358353840425,1.2761043597741102,1.2738867796424294,1.2730042122968843,1.2722346589040185,1.2757612292608345,1.2506401558012,1.1936631771946866,1.2257543456992028,1.1890197040917194,1.3829840635144321,1.2474052102885387,1.277533217143272,1.3017104706837146,1.2389462936498743,1.1894403788357588,1.2749934548696702,1.292224300034238,1.2960788604442903
Commentarium in Martiani Capellae «De nuptiis Mercurii et Philologiae» I-II,0.9120125873351392,1.1940482249912423,1.2624066887529497,1.2522457474682538,1.2241893911473107,1.1092612032657312,1.1433957853607628,0.8218108254936507,1.2069324583520555,1.2348825632080054,1.0408918397395348,1.2564185506075798,1.2382992150634815,1.1699521056576025,1.099562277413999,0.7965299782604611,0.9150058019302405,1.2158337598585949,1.1349538779279273,1.0764196461679743,1.2305358353840425,0.0,1.2108185203125557,1.218007195920862,1.2151976974365086,1.2163112776766498,1.217531382456829,1.0883325347906454,1.097933758191453,1.1447427723470722,1.1211947858550797,1.3528515328202892,1.1362101282139325,1.1972440450809827,1.2535865492981642,1.0743057965366558,1.105626170050167,1.1332415532148625,1.2603636835010033,1.1579101405414287
B1,1.1690184302453848,1.0772025888816323,1.3005918465810158,1.3149570373697452,1.154732861731452,1.2215172814470427,1.2039785909908625,1.1659323841327682,1.2647477991645169,1.3054336903239794,1.1856744704667523,1.3069993734803595,1.2854242751604308,1.3014929378675026,1.2458439841910225,1.1402816930228652,1.1206765460322545,1.2921809888329103,1.1064262636191327,1.1130718122402945,1.2761043597741102,1.2108185203125557,0.0,0.5319877598715441,0.5239356361920682,0.5178552794193249,0.5717324676047133,1.0271858744015296,1.068688886681157,1.1142682036016553,1.0633686261154178,1.3478733224649515,1.1147750929236304,1.209484410567899,1.2237298161958985,1.0808875059345004,1.0888677523042452,1.0562318008786475,1.2376096779156622,1.107978645674872
P3,1.1782767637772145,1.0848205462956357,1.299342247451097,1.313037118821979,1.1582818699227895,1.2304683470743678,1.2118684605003278,1.1728227266015319,1.2707190679004745,1.3091643254663794,1.1930096529075436,1.306495495509876,1.2833489804008438,1.3027508642321715,1.2521674825426103,1.1453176014564455,1.1270278554563375,1.2911784234968782,1.116573672274113,1.1244440019244557,1.2738867796424294,1.218007195920862,0.5319877598715441,0.0,0.49178857041988794,0.458164268415679,0.5346832854156394,1.0382777959698617,1.0741713641815043,1.1219858023736533,1.069388589686403,1.3509150166937316,1.122129752534818,1.21385402483751,1.225193047294013,1.0909290459243586,1.0933394240744885,1.07029366429384,1.2435897291141955,1.1218420899311552
To,1.1745357798871976,1.0840737758317058,1.2981437792998212,1.3118815116811173,1.1573486253535687,1.2272715406350576,1.2098583344238876,1.1723782743030784,1.2699023710830366,1.306867632407173,1.1916652800140375,1.304773997511705,1.2815069729358408,1.302525505167613,1.2498481922686153,1.1444534321092998,1.1249343792972655,1.2895772349950707,1.1140416828623034,1.1212885049458317,1.2730042122968843,1.2151976974365086,0.5239356361920682,0.49178857041988794,0.0,0.47213092404068024,0.5443070578544511,1.0353013221933256,1.070182821085115,1.1180866365640738,1.0645945726210466,1.3504414052051485,1.1189129377595186,1.2114803632730287,1.224519530998866,1.088186800291505,1.0893715493887894,1.0682555160687326,1.2419134052684093,1.1198181181440934
W1,1.1750684950818986,1.0875160674281303,1.2971886661534513,1.3112752528513387,1.157883527571743,1.2290545398616115,1.210479165726703,1.1729595081825013,1.2716846040281065,1.3080984702692113,1.1927562850278413,1.3044424750639287,1.2806138076650317,1.3027658266455575,1.2502610950066344,1.1448974540611299,1.1264566911943648,1.289058685395263,1.1165851088179424,1.124443088754384,1.2722346589040185,1.2163112776766498,0.5178552794193249,0.458164268415679,0.47213092404068024,0.0,0.5202204613219191,1.0394128223578714,1.070555721445617,1.1185434248931727,1.06588601272888,1.350832175876657,1.1202847780353025,1.2115218193268344,1.225317723809164,1.0910597645661515,1.089086935934608,1.0727779470867922,1.242881138142155,1.1239220078901233
P5,1.1777285690493757,1.093078401069008,1.299323166964491,1.313004401947073,1.1619246725991255,1.2303212872184055,1.2115886844435326,1.1762768234792382,1.2718131230366496,1.3088526296433978,1.1938294372718823,1.3063931872515133,1.2834189721846538,1.3038660356493283,1.2519556444580302,1.149200842958164,1.131323151521512,1.2908567119034704,1.1238299974147026,1.1253593305575698,1.2757612292608345,1.217531382456829,0.5717324676047133,0.5346832854156394,0.5443070578544511,0.5202204613219191,0.0,1.0500170607838386,1.07937016204396,1.1237455555686506,1.0745438800545122,1.351270482674387,1.1259290598285028,1.2145149707363172,1.229609174142169,1.0977527269144627,1.0970784494324068,1.0818915072965143,1.2453377451807313,1.1307893584450293
Metamorphoses,1.056717118078997,0.8430152618346118,1.2897065773524887,1.2929784554931383,1.117586868293729,1.1682415570831965,1.171273109606659,1.029502586256745,1.1798965844804286,1.2764629691719913,1.0819780940414894,1.2837477698205855,1.273266424566077,1.2532667503447736,1.1754362762137724,0.9937326266937321,0.9055897933911582,1.2671715355215571,0.8153935973072022,1.0642001538925343,1.2506401558012,1.0883325347906454,1.0271858744015296,1.0382777959698617,1.0353013221933256,1.0394128223578714,1.0500170607838386,0.0,0.7879735941234167,0.9279943016305848,0.8120162413242904,1.301921667893948,0.9040965070806026,1.1297943782154865,1.052223238045713,0.7189424701174973,0.8847854426887203,0.5541326180675686,1.15358772670581,0.7668596170534159
Tristia,1.0464455664597647,1.0177582180523623,1.2346968019181852,1.24158105513971,1.1311408060980919,1.1739225121833867,1.1815897811263467,1.0433358915677617,1.2086687751550904,1.260523377431164,1.0912880520076091,1.2383676582369965,1.2076147434140097,1.243061873923596,1.1702799195390816,0.9952120028469957,0.9389833532129163,1.2129219963563322,0.9614966965132791,1.0716121433839427,1.1936631771946866,1.097933758191453,1.068688886681157,1.0741713641815043,1.070182821085115,1.070555721445617,1.07937016204396,0.7879735941234167,0.0,0.936116060785981,0.8232689097266057,1.3220935952342876,0.9461390236929478,1.1078053795649785,1.0941582658600364,0.8665921499955983,0.8305313630761146,0.8863709078981896,1.153036989914131,0.9903021869620281
Amores,1.0797211593183131,1.0879155234389644,1.2534940082261972,1.2648861197883985,1.1622343788565868,1.1863780397112522,1.1951578230366622,1.084232020040866,1.2239287725665566,1.2729392044145278,1.132522674913517,1.2533901796915512,1.2309173969561409,1.2642725987063423,1.1904748221566233,1.051772499237491,1.0142244343126379,1.2339762362382098,1.038411435722633,1.0835849847048056,1.2257543456992028,1.1447427723470722,1.1142682036016553,1.1219858023736533,1.1180866365640738,1.1185434248931727,1.1237455555686506,0.9279943016305848,0.936116060785981,0.0,0.9097184582130136,1.3258902735293896,0.9872954439725403,1.1232258753173097,1.1685962528782061,0.9502683050846421,0.9619819092501593,0.9822206978680673,1.171122298884515,1.0466653611824306
Epistulae (vel Heroides),1.0627879521571477,1.0254054489683553,1.2254330700888023,1.2371078554110082,1.1262731322662882,1.1677886713362056,1.1826987846212669,1.052141479926517,1.2078615804532007,1.264315505713507,1.1066503840311495,1.2287973886955004,1.1996303364474852,1.2492652163396216,1.1798497916075044,1.0074450086677902,0.9659204557176579,1.2046220899025146,0.9738733899578615,1.0616776690495924,1.1890197040917194,1.1211947858550797,1.0633686261154178,1.069388589686403,1.0645945726210466,1.06588601272888,1.0745438800545122,0.8120162413242904,0.8232689097266057,0.9097184582130136,0.0,1.3203618615257509,0.9400563030715855,1.098178523599734,1.1083230245526439,0.871206913747243,0.858198560220386,0.8874221144174923,1.1404336148138865,0.9889013325396739
Medicamina faciei femineae,1.3359205234726124,1.3368663040384645,1.390615603705719,1.390553958147263,1.361880872218823,1.3632166582172975,1.3620197908387923,1.3386462595205877,1.3651155808959872,1.3821609719282275,1.3476781313357615,1.3886998390843759,1.3857532118090827,1.3801148038804303,1.3592985737452448,1.3365551195708492,1.3218388666481036,1.3832681039455228,1.3240864442593936,1.3408188589608714,1.3829840635144321,1.3528515328202892,1.3478733224649515,1.3509150166937316,1.3504414052051485,1.350832175876657,1.351270482674387,1.301921667893948,1.3220935952342876,1.3258902735293896,1.3203618615257509,0.0,1.3174547293361825,1.3510078372893393,1.356880594556975,1.3105661557962527,1.3265880681563755,1.3097335643667714,1.359575755590695,1.3185886192902736
Ars Amatoria,1.0738787921148232,1.0778565046023298,1.2789398690311609,1.2829987103856035,1.1708889965457887,1.1834571261753395,1.2008460489426664,1.074753190052272,1.2193826761497415,1.2755552375644066,1.1250495169572299,1.2737106728174257,1.2532849039222378,1.26009751720506,1.186705654844422,1.0415550739258115,0.9996367707366604,1.2539648605868305,1.0296966554680034,1.0942481140846871,1.2474052102885387,1.1362101282139325,1.1147750929236304,1.122129752534818,1.1189129377595186,1.1202847780353025,1.1259290598285028,0.9040965070806026,0.9461390236929478,0.9872954439725403,0.9400563030715855,1.3174547293361825,0.0,1.1195652480222955,1.155720444854106,0.932058347707864,0.9732397484480504,0.965214899033671,1.1844895182206499,1.028686044067247
Remedia amoris,1.1490605097150675,1.2155958148523665,1.2992673168178848,1.304131116182613,1.2398949362461338,1.2275116225788067,1.248319305727027,1.1505788124594878,1.2701142582113905,1.3019116762578662,1.1958447940665045,1.2961943436422008,1.2795266478249652,1.2892285831472727,1.23516423822931,1.1260571382738238,1.1202857132898267,1.280504281507761,1.1713455928651315,1.1667678820188179,1.277533217143272,1.1972440450809827,1.209484410567899,1.21385402483751,1.2114803632730287,1.2115218193268344,1.2145149707363172,1.1297943782154865,1.1078053795649785,1.1232258753173097,1.098178523599734,1.3510078372893393,1.1195652480222955,0.0,1.2503742052799645,1.1170383134938175,1.1109560243121017,1.1600871881070896,1.2436584110128626,1.1833465303911759
Ibis,1.229213492583621,1.1772816072758867,1.3292069124645065,1.330002201630815,1.2555295764546437,1.2838604713366628,1.287812638408571,1.2061039374605533,1.27905579206696,1.3301622761133614,1.1744125048292935,1.329043989148309,1.3180172986778762,1.3121562997726053,1.2864205828544193,1.1719878686079812,1.1317420812426762,1.3209711127641708,1.1484597852406677,1.2310438219846873,1.3017104706837146,1.2535865492981642,1.2237298161958985,1.225193047294013,1.224519530998866,1.225317723809164,1.229609174142169,1.052223238045713,1.0941582658600364,1.1685962528782061,1.1083230245526439,1.356880594556975,1.155720444854106,1.2503742052799645,0.0,1.1072731347737101,1.122135772331896,1.0954806300151394,1.2737580670862225,1.1535400114201846
Fasti,1.028938507367914,0.9786827361868428,1.27619100747678,1.2759666903828746,1.1403406140523658,1.1524805610170517,1.1721963966127296,1.0025241213553084,1.1814035137165866,1.2647784192272238,1.0753237837002123,1.2676570539109908,1.2540812945690019,1.237533673487761,1.157375422075648,0.9642755589872327,0.9247359321154343,1.2453818752044654,0.9244924922502559,1.0507308121861547,1.2389462936498743,1.0743057965366558,1.0808875059345004,1.0909290459243586,1.088186800291505,1.0910597645661515,1.0977527269144627,0.7189424701174973,0.8665921499955983,0.9502683050846421,0.871206913747243,1.3105661557962527,0.932058347707864,1.1170383134938175,1.1072731347737101,0.0,0.9196959656911579,0.7879824524974817,1.1577877969018717,0.9087905039094906
Ex Ponto,1.0494934959327094,1.069962733512384,1.229909571329184,1.235469826168868,1.1429283922385411,1.1697679238858145,1.1883139811344745,1.0387284670002743,1.2136630653541436,1.2570572162806393,1.1109451334223248,1.2318413122223815,1.1989150738736096,1.2417398720105173,1.1724428754294047,0.9891225832977454,0.9606674417825604,1.2046456285901068,1.0092460596377109,1.0770831032554762,1.1894403788357588,1.105626170050167,1.0888677523042452,1.0933394240744885,1.0893715493887894,1.089086935934608,1.0970784494324068,0.8847854426887203,0.8305313630761146,0.9619819092501593,0.858198560220386,1.3265880681563755,0.9732397484480504,1.1109560243121017,1.122135772331896,0.9196959656911579,0.0,0.966721334381654,1.1601128655605855,1.045041427093248
Aeneid,1.0916186094940579,0.8658056296745831,1.3081350511154695,1.317382673208717,1.1334386807873544,1.1744895232446535,1.1752376493198544,1.046400898657469,1.1745855757014003,1.283231264051568,1.0992659798875477,1.3029321157525497,1.294776815950672,1.2623440531834242,1.1949680789973225,1.0054760005149819,0.9511315537013952,1.2905498475903308,0.8313971845348931,1.066783908861177,1.2749934548696702,1.1332415532148625,1.0562318008786475,1.07029366429384,1.0682555160687326,1.0727779470867922,1.0818915072965143,0.5541326180675686,0.8863709078981896,0.9822206978680673,0.8874221144174923,1.3097335643667714,0.965214899033671,1.1600871881070896,1.0954806300151394,0.7879824524974817,0.966721334381654,0.0,1.1509668950882588,0.7398918943375625
Eclogues,1.2119456761580183,1.2163814827455222,1.3098064923555082,1.3204501848194263,1.2659177981518726,1.2634806761466968,1.2750365308806995,1.198188263714394,1.2894905636515241,1.3207198262924813,1.2313423387890892,1.3115059499488442,1.2941057140270178,1.3175935219221644,1.2751951988262955,1.1862677165864999,1.172523181823902,1.299392082310169,1.1906227569665777,1.198184857896602,1.292224300034238,1.2603636835010033,1.2376096779156622,1.2435897291141955,1.2419134052684093,1.242881138142155,1.2453377451807313,1.15358772670581,1.153036989914131,1.171122298884515,1.1404336148138865,1.359575755590695,1.1844895182206499,1.2436584110128626,1.2737580670862225,1.1577877969018717,1.1601128655605855,1.1509668950882588,0.0,1.1684920855787266
Georgicon,1.102733681998613,0.9676753070824596,1.3235680098862257,1.332444068820941,1.1734665674409313,1.1819557404379561,1.189486617488569,1.043678259852925,1.2039441710852525,1.2895044612332944,1.1178563442622786,1.3170703080875596,1.3119041258291384,1.2773947685277203,1.201844863443309,1.0562797400772272,0.9995717429327549,1.3071305043906627,0.9426916161160909,1.0919730821150446,1.2960788604442903,1.1579101405414287,1.107978645674872,1.1218420899311552,1.1198181181440934,1.1239220078901233,1.1307893584450293,0.7668596170534159,0.9903021869620281,1.0466653611824306,0.9889013325396739,1.3185886192902736,1.028686044067247,1.1833465303911759,1.1535400114201846,0.9087905039094906,1.045041427093248,0.7398918943375625,1.1684920855787266,0.0
