,A fragment of Konungs skuggsjá-AM 1056 IX 4to,Bandamanna saga according to AM 132 fol (Möðruvallabók)-AM 132 fol (114ra.41–120vb.21),Droplaugasona saga according to AM 132 fol (Möðruvallabók)-AM 132 fol (141va.3–147vb.4),Finnboga saga according to AM 132 fol (Möðruvallabók)-AM 132 fol (100ra.1–114ra.41),Fóstbræðra saga according to AM 132 fol (Möðruvallabók)-AM 132 fol (198rb.8–201vb.41),Hallfreðar saga according to AM 132 fol (Möðruvallabók)-AM 132 fol (149va.32–156rb.10),Kormáks saga according to AM 132 fol (Möðruvallabók)-AM 132 fol (120vb.21–129rb.7),Ölkofra þáttur according to AM 132 fol (Möðruvallabók)-AM 132 fol (147vb.5–149va.31),Víga-Glúms saga according to AM 132 fol (Möðruvallabók)-AM 132 fol (129rb.8–141va.32),Theta-fragment of Egils saga-AM 162 A θ fol.,Zeta-fragment of Egils saga-AM 162 A ζ fol.,A fragment of Njáls saga-AM 162 B α fol,Two fragments of Njáls saga-AM 162 B θ fol,Codex Wormianus-AM 242 fol,Konungs skuggsjá-AM 243 bα fol,Codex Runicus-AM 28 8vo,Landslǫg Magnúss Hákonarsonar and amendments (skipan) | Magnus Lagabøtes landslov og rettarbøter (skipan)-AM 302 fol,Landslǫg Magnúss Hákonarsonar | Magnus Lagabøtes landslov-AM 305 fol,Codex Frisianus-AM 45 fol.,Alexanders saga-AM 519 a 4to,Vǫluspá in Hauksbók-AM 544 4to,Dámusta saga-AM 557 4to,Eiríks saga rauða-AM 557 4to,Eiríks saga víðförla-AM 557 4to,Gunnlaugs saga Ormstungu-AM 557 4to,Hallfreðr saga vandraskald-AM 557 4to,Hrafns saga Sveinbjarnarsonar-AM 557 4to,Hróa þáttr heimska-AM 557 4to,Karls þáttr vesæla-AM 557 4to,Rögnvalldr ok Rauð-AM 557 4to,Stúfs þáttr Kattarsonar-AM 557 4to,Sveinka þáttr Steinarssonar-AM 557 4to,Valdimars saga-AM 557 4to,Landslǫg Magnúss Hákonarsonar | Magnus Lagabøtes landslov-AM 56 4to,Breta sǫgur-AM 573 4to,Trójumanna saga-AM 573 4to,"Kristinréttir, Landslǫg Magnúss Hákonarsonar, Bǿjarlǫg Magnúss Hákonarsonar ok réttarbǿtr | Kristenrettar, 
                     Magnus Lagabøtes landslov, Magnus Lagabøtes bylov og rettarbøter-AM 60 4to",De virtutibus et vitiis-AM 619 4to,Old Norwegian Homily Book-AM 619 4to,"Ór lǽknisbók The fragment is unnamed, but Konráð Gíslason named his edition of the text
                    Úr læknisbók, which is published in Fire og fyrretyve for en stor deel forhen
                    utrykte prøver af oldnordisk sprog og literatur (1860)-AM 655 XXX 4to",De xii abusivis saeculi-AM 677 4to,"De xii abusivis saeculi, Prosper’s Epigrams, Gregory’s Homilies on the Gospels, Gregory’s Dialogues-AM 677 4to",Gregory’s Homilies on the Gospels-AM 677 4to,Prosper’s Epigrams-AM 677 4to,Reynistaðarbók-AM 764 4to,"Kristinréttir, Bǿjarlǫg Magnúss Hákonarsonar ok réttarbǿtr | Kristenrettar, Magnus Lagabøtes bylov og rettarbøter-AM 78 4to",Elíss saga ok Rósamundar-DG 4–7,Pamphilus saga-DG 4-7,Strengleikar-DG 4–7,Landslǫg Magnúss Hákonarsonar ok Farmannalǫg | Magnus Lagabøtes landslov og Farmannslova-DG 8 I,Óláfs saga ins helga (legendary version)-DG 8 II,Völuspá in Codex Regius-GKS 2365 4to,Legenden om Barlaam och Josaphat-Holm A 49,Birgitta Andersdotters bönbok-Holm A 80,"Various texts, including Eufemiavisorna-Holm D 4",Thómass saga erkibiskups-Holm perg 17 4to,Landslǫg Magnúss Hákonarsonar | Magnus Lagabøtes landslov-Holm perg 30 4to,Bǿjarlǫg ok Farmannalǫg Magnúss Hákonarsonar | Magnus Lagabøtes bylov og farmannslov-Holm perg 34 4to,Landslǫg Magnúss Hákonarsonar | Magnus Lagabøtes landslov-Holm perg 34 4to,Þiðriks saga af Bern (medieval text)-Holm perg 4 fol,Barlaams ok Josaphats saga-Holm perg 6 fol,The Kringla fragment of Óláfs saga helga-Lbs fragm. 82,A fragment of Konungs skuggsjá-NKS 235 g 4to,A fragment of Fagrskinna-NRA norr fragm 51,A fragment of Óláfs saga helga hin elzta-NRA norr fragm 52,A fragment of Haralds saga harðráða in Heimskringla-NRA norr fragm 53,A fragment of Hákonar saga Hákonarsonar-NRA norr fragm 55 A,A fragment of Hákonar saga Hákonarsonar-NRA norr fragm 55 B,A fragment of Jóns saga helga-NRA norr fragm 57,A fragment of Konungs skuggsjá-NRA norr fragm 58 A,A fragment of Konungs skuggsjá-NRA norr fragm 58 B,A fragment of Konungs skuggsjá-NRA norr fragm 58 C,A fragment of Rimbegla-NRA norr fragm 59,A fragment of Stjórn-NRA norr fragm 60 A,A fragment of Stjórn-NRA norr fragm 60 B,A fragment of Stjórn-NRA norr fragm 60 C,A fragment of Karlamagnúss saga-NRA norr fragm 61,A fragment of Karlamagnúss saga-NRA norr fragm 62,A fragment of Karlamagnúss saga-NRA norr fragm 63,A fragment of Barlaams saga ok Jósafats-NRA norr fragm 64,A fragment of Flóress saga ok Blankiflúr-NRA norr fragm 65,A fragment of Thómass saga erkibyskups-NRA norr fragm 66,Thómass saga erkibyskups-NRA norr fragm 67,A fragment of Brendanuss saga-NRA norr fragm 68,A fragment of Landslǫg Magnúss Hákonarsonar-NRA norr fragm 7,A fragment of Agǫtu saga-NRA norr fragm 70,"A fragment of Gregors saga páfa and 
                            Díalógar-NRA norr fragm 71",A fragment of Maríu saga-NRA norr fragm 78,A fragment of Páls saga postula-NRA norr fragm 80,Virgin Mary’s complaint-SKB A 120,Egils saga Skalla-Grímssonar in Wolfenbüttelbók-WolfAug 9 10 4to
A fragment of Konungs skuggsjá-AM 1056 IX 4to,0.0,0.515154392022089,0.5510102300184732,0.5758231124315085,0.5491587923960144,0.607385191747142,0.5412485589932136,0.5921352073338382,0.5123992470306279,0.6082736293511507,0.6014025288320143,0.6449185901785174,0.6409916817445498,1.0,1.0,1.0,1.0,1.0,0.5314369168389792,0.45670114957139374,1.0,0.5579569975683913,0.5352972634402486,0.6447485978019584,0.5201196670291124,0.6126968150479658,0.5701366053029967,0.6388664910034362,0.5641778887953279,0.5770876589248543,0.722539192847333,0.7012971281365159,0.6007176586971602,1.0,0.4951083456211628,0.525839608580922,1.0,0.487357813364627,0.5168188015983401,0.6326381693474081,0.6876560411849648,0.7182480199449242,0.5911338488651008,0.530026596972428,0.5268898824168584,1.0,1.0,0.5593163960484293,1.0,1.0,1.0,0.753634540793971,1.0,1.0,1.0,1.0,1.0,0.49842829849849446,0.4713632508479906,1.0,1.0,0.6150496194103046,0.5830555463089802,0.7041571140610077,0.549694582932388,0.7524173816131827,1.0,0.686035826718365,0.5783807486163289,0.5080642087493339,0.7096535242235482,0.5251926972331781,0.5974736549524928,0.7522520438901792,0.7711299231470716,0.7069203613024415,0.6636383770498455,0.5871267724196532,0.5732986785909329,0.6450704166129698,0.6750361808988474,1.0,1.0,0.6657261668597734,0.5109470310615192,0.7914063601645385,0.7125895505574064,0.591215126704286,0.5678426496129768,1.0,0.5297607053729227
Bandamanna saga according to AM 132 fol (Möðruvallabók)-AM 132 fol (114ra.41–120vb.21),0.515154392022089,0.0,0.2022218348797774,0.2632222574289067,0.19723535419045968,0.27788037494100015,0.16231248842914392,0.23521988942195604,0.11009877773938614,0.26685633274631093,0.2717369230280967,0.3833908291300009,0.3512364323719953,1.0,1.0,1.0,1.0,1.0,0.24890061208941505,0.1358105911210883,1.0,0.25714208410915596,0.21774857475239473,0.4388634245968658,0.17896245275476386,0.3105486108391503,0.29442390509273497,0.33047034731520664,0.2246851304634131,0.2607193570131964,0.4285669469730913,0.510584292727172,0.3074749949056671,1.0,0.18509475202051284,0.21963120833329164,1.0,0.25621362651672674,0.2710417795347839,0.4491389131965623,0.5684179591030738,0.511500019886016,0.34451519105200035,0.3166677376409516,0.2604768986120426,1.0,1.0,0.24604827749102165,1.0,1.0,1.0,0.6003354567234263,1.0,1.0,1.0,1.0,1.0,0.31551500949244893,0.2793970046616182,1.0,1.0,0.32712469812081835,0.4241528023224832,0.5645541149121172,0.252265932582838,0.5488615609069061,1.0,0.4988703396957228,0.3195577786083662,0.25100174749882376,0.46836631711660703,0.27839739329647606,0.44180337788512813,0.669421613863564,0.6166095678982488,0.46274218362091346,0.3980845848791904,0.33110710087772044,0.33134482737563153,0.44600616679420924,0.44057124593148156,1.0,1.0,0.4342262003293943,0.33014063820623785,0.6400590651117194,0.5490161811785359,0.37060581693724237,0.31055840342994123,1.0,0.17186030542782305
Droplaugasona saga according to AM 132 fol (Möðruvallabók)-AM 132 fol (141va.3–147vb.4),0.5510102300184732,0.2022218348797774,8.548717289613705e-15,0.24663157801174962,0.1644836408163164,0.2660920312544265,0.14163900891960668,0.2683490391558513,0.1209954556878764,0.3231280023754415,0.23219582161579977,0.3528943620696888,0.2974055825129608,1.0,1.0,1.0,1.0,1.0,0.16403657015001294,0.19083080864082713,1.0,0.2809823822540394,0.13762682690975792,0.4223863959658877,0.16056627438937587,0.2996456783788348,0.20381343246245964,0.3676062231333991,0.25677221827995234,0.2303436201537693,0.4959108012604049,0.47649432974975225,0.33393534919046064,1.0,0.14451236323139804,0.18711893348846076,1.0,0.34366879300147135,0.28679709790925567,0.46440496926129804,0.6221570501717153,0.4837645508903933,0.3613267578984143,0.4233606774172638,0.21793958778552713,1.0,1.0,0.34755946367815005,1.0,1.0,1.0,0.5642190935651247,1.0,1.0,1.0,1.0,1.0,0.337769303760035,0.3252353293968612,1.0,1.0,0.3256161247933196,0.435845649388221,0.5195567010513101,0.2543232010337618,0.48757174664195435,1.0,0.44624182026608517,0.3026642535246592,0.35526412542373764,0.541526878475945,0.34895532408735774,0.4492742128703173,0.6632916272245295,0.5943699141283527,0.4669995489775808,0.4016285388826375,0.32966323135874864,0.29961793369595213,0.4496884026386043,0.4232201648665981,1.0,1.0,0.3892162263451049,0.38653538779681984,0.6902049147652431,0.5751672598211577,0.35175734105611955,0.3759543412066563,1.0,0.13859754909878896
Finnboga saga according to AM 132 fol (Möðruvallabók)-AM 132 fol (100ra.1–114ra.41),0.5758231124315085,0.2632222574289067,0.24663157801174962,0.0,0.2661304226546293,0.3431053698398737,0.24563183962018043,0.3439833073325377,0.20707140302321225,0.392922902240629,0.3315144676941604,0.42621883441234176,0.402866631134596,1.0,1.0,1.0,1.0,1.0,0.27141697297690814,0.24345639904118477,1.0,0.33129095481561877,0.2557110252445802,0.4942084946296338,0.24891477482009605,0.3661841926717737,0.3227783035823668,0.40863153909941385,0.3277764431913067,0.29627552613534014,0.5322476355391972,0.5273665093293409,0.4045781034973729,1.0,0.23025123148687787,0.2776409600271744,1.0,0.38561698426418467,0.3664202112135311,0.5249124409633958,0.6628953922459779,0.5303059302558724,0.42025401072477697,0.44952031657435454,0.30120555023010753,1.0,1.0,0.4040856616161995,1.0,1.0,1.0,0.6440744830272545,1.0,1.0,1.0,1.0,1.0,0.4007346764134696,0.38318855050244394,1.0,1.0,0.39306050394930303,0.48678176013731267,0.5744444490733576,0.3211459411706534,0.5611134158498923,1.0,0.5312716134487518,0.3643969599384058,0.4010043801707479,0.5673062078327966,0.4022341122226445,0.5085033391334834,0.6913116371138148,0.6413874928922139,0.4987989435644672,0.4632596822981735,0.388556635074232,0.37922491722454843,0.5134803783335649,0.47202204390461455,1.0,1.0,0.4803305442701523,0.4342389964816047,0.7052427085729911,0.6107425395716867,0.40417510239360477,0.4270478603687362,1.0,0.24430040671235798
Fóstbræðra saga according to AM 132 fol (Möðruvallabók)-AM 132 fol (198rb.8–201vb.41),0.5491587923960144,0.19723535419045968,0.1644836408163164,0.2661304226546293,4.884981308350689e-15,0.28997279597496395,0.1737240906833729,0.27735202032500694,0.14219578201261707,0.3423186942237585,0.26461194599905513,0.3803343524507963,0.3410195512074291,1.0,1.0,1.0,1.0,1.0,0.20393714172914912,0.17365930433578036,1.0,0.27343847014104905,0.16355967943851102,0.4299653833458329,0.19368279135183641,0.31763532538606853,0.22902615891888212,0.37202781318777833,0.2571518946300848,0.26378060718622476,0.4894822863946804,0.49470030207511906,0.34748222732769585,1.0,0.16658063200201767,0.2161776518664288,1.0,0.3169462066504113,0.27228391700340393,0.4930838183627573,0.6090327521258581,0.5019684370421109,0.34601704396893884,0.3870521690087567,0.2378080566410936,1.0,1.0,0.3502916656534554,1.0,1.0,1.0,0.5831984942898126,1.0,1.0,1.0,1.0,1.0,0.3323817765850092,0.31360788721155997,1.0,1.0,0.3297440682263091,0.4416161400661718,0.5401883263488025,0.2717934928444078,0.5136118852118543,1.0,0.46175708527100523,0.32755481768667527,0.3273523807471723,0.5283503814113555,0.3298957380680544,0.4583211753257389,0.6729894974532515,0.621342010606815,0.4715101374967532,0.42620976720476555,0.3418656784350804,0.3294872309333532,0.46487186705621797,0.4694898823672561,1.0,1.0,0.4052796562632256,0.3685243813914071,0.6839262736153127,0.566623145070076,0.3604872126695071,0.35148529331144174,1.0,0.16994589676452554
Hallfreðar saga according to AM 132 fol (Möðruvallabók)-AM 132 fol (149va.32–156rb.10),0.607385191747142,0.27788037494100015,0.2660920312544265,0.3431053698398737,0.28997279597496395,0.0,0.2535327639054721,0.3506367056781319,0.22843005429817376,0.40218817180119526,0.3541986411484557,0.44939210661379636,0.39827163994622217,1.0,1.0,1.0,1.0,1.0,0.29572529358290756,0.279604488569835,1.0,0.34837548736737234,0.2834669253461962,0.48737933430061187,0.24243349480149134,0.0796889898557065,0.34213426219127663,0.41249022921357925,0.3235060436965511,0.3172447638497976,0.49134920417159056,0.5461150671984969,0.4265185951521734,1.0,0.2661111163077462,0.3012380060543268,1.0,0.40667207425433116,0.385445056785763,0.5476368421930136,0.6663636474679722,0.5512050125956429,0.44090971394207823,0.4784207497419718,0.33875233627481804,1.0,1.0,0.40067871442783287,1.0,1.0,1.0,0.6394928929692951,1.0,1.0,1.0,1.0,1.0,0.4166679394261743,0.40020367111871114,1.0,1.0,0.3969492887766356,0.5165919973875666,0.5920194251924629,0.3413887868824018,0.5659705056434816,1.0,0.5389740795494273,0.3933263226626865,0.424634632023682,0.566705295591416,0.4279034107226086,0.5340468338814297,0.71333931448532,0.6433324563762746,0.5218499398200469,0.4518907375115847,0.4030837630496549,0.38752293076747313,0.5256516103070946,0.48636203185821747,1.0,1.0,0.4796994428043643,0.4493067525278419,0.7038665327489524,0.6263307917154356,0.43473012066421746,0.4396791419042172,1.0,0.25816006355660404
Kormáks saga according to AM 132 fol (Möðruvallabók)-AM 132 fol (120vb.21–129rb.7),0.5412485589932136,0.16231248842914392,0.14163900891960668,0.24563183962018043,0.1737240906833729,0.2535327639054721,0.0,0.2590953960415675,0.1124577487348597,0.31852100909457104,0.26135862829227996,0.3578554119052837,0.3099734604900981,1.0,1.0,1.0,1.0,1.0,0.20081387375919213,0.1684392066731467,1.0,0.26966498035311937,0.15689304996977527,0.4233296703614604,0.1570968974966599,0.2942835108695029,0.23864069879857464,0.3397832190546911,0.23302815789136955,0.22175088270279242,0.4627869386426434,0.48548426690759805,0.31992486131069653,1.0,0.15573988961001461,0.19396967613094696,1.0,0.315187507282534,0.27742819449475176,0.45406673099268424,0.5953198067488079,0.4915372017031775,0.3466713870352758,0.3855608035281468,0.23609754155504892,1.0,1.0,0.29406554006183283,1.0,1.0,1.0,0.562325242962296,1.0,1.0,1.0,1.0,1.0,0.32584524720051555,0.3072338838547579,1.0,1.0,0.3235213970607449,0.43193077644873423,0.5357728164541434,0.24455361618238702,0.5152755884323594,1.0,0.47184919604437514,0.30597404154397523,0.32631672104338516,0.5157394921086116,0.32831227788762696,0.44078553597089865,0.6689136620499677,0.6005829759740137,0.46645128049327134,0.3872583024308135,0.31658006547068995,0.299597677599181,0.44572500950718696,0.4326044847477767,1.0,1.0,0.3992663942425262,0.3665690391690781,0.6656317141291781,0.5617325016377079,0.3561403696781281,0.3585539073629468,1.0,0.15562260432875386
Ölkofra þáttur according to AM 132 fol (Möðruvallabók)-AM 132 fol (147vb.5–149va.31),0.5921352073338382,0.23521988942195604,0.2683490391558513,0.3439833073325377,0.27735202032500694,0.3506367056781319,0.2590953960415675,0.0,0.21254702000708015,0.3411079076764616,0.3310270126024385,0.4525726818534077,0.4308696801323668,1.0,1.0,1.0,1.0,1.0,0.293462968003094,0.2302424164506418,1.0,0.32220719478935445,0.29303101990835,0.49841459177661884,0.2631538054306487,0.36036925583989143,0.33986167152625935,0.39751356845604047,0.29845273339372125,0.34632252513874084,0.46713664260433285,0.5772314463234527,0.417939396863401,1.0,0.26931013748109,0.311242221171135,1.0,0.3414447841369024,0.3424033510115976,0.5383875475262294,0.6224325751807835,0.5322757522467951,0.38854143507168915,0.37074219065314906,0.333480604275769,1.0,1.0,0.37238913323491696,1.0,1.0,1.0,0.6621867751870189,1.0,1.0,1.0,1.0,1.0,0.369150492657066,0.3412059553143334,1.0,1.0,0.3734269264176334,0.5118783750873861,0.6252340601730415,0.35469481495785826,0.5622721851473068,1.0,0.5289563133581994,0.3872523985601668,0.3296244871027305,0.5037426205038407,0.3549297013562194,0.5302302465752704,0.7456580176748653,0.652987029693092,0.5048939662514816,0.46537606132847764,0.4145990000441173,0.42706132545530584,0.5331805594170352,0.47731370299074405,1.0,1.0,0.44786980446191216,0.38609294049379395,0.673109735265473,0.5715266979139824,0.4230610841709963,0.3672659170664829,1.0,0.24556804498576612
Víga-Glúms saga according to AM 132 fol (Möðruvallabók)-AM 132 fol (129rb.8–141va.32),0.5123992470306279,0.11009877773938614,0.1209954556878764,0.20707140302321225,0.14219578201261707,0.22843005429817376,0.1124577487348597,0.21254702000708015,7.438494264988549e-14,0.27616283014848175,0.22090501932157547,0.33755721245583425,0.30092758402386055,1.0,1.0,1.0,1.0,1.0,0.16218990051651416,0.11419703713536533,1.0,0.22113512777845845,0.1438871075283159,0.4141590488274677,0.1277401098359584,0.25976270071734564,0.2160493170965464,0.30283240987737836,0.2012046968680249,0.19227720333678489,0.4333407684026853,0.469272969260207,0.30664095125448254,1.0,0.1137119382227948,0.1636120841092794,1.0,0.2643903230324536,0.25067672053764234,0.4510824233650844,0.5960313622938627,0.4460259835730881,0.3018370608210251,0.32709472019025876,0.1949958470688099,1.0,1.0,0.27682279492043227,1.0,1.0,1.0,0.5768694434693347,1.0,1.0,1.0,1.0,1.0,0.2783732741295212,0.25775807938182826,1.0,1.0,0.28502074392355325,0.41330236812197396,0.5152293321782228,0.21854806564845808,0.4921845990197008,1.0,0.4536580288078228,0.2642246598343825,0.27578183042323734,0.4713904750869857,0.2923329667206187,0.4282004558840793,0.6607588643288651,0.5867243793088728,0.4254196765052487,0.36046417922475593,0.2817269335195831,0.2819369005704567,0.42873361347734196,0.37680661843774643,1.0,1.0,0.38629130462593353,0.313991660602555,0.6558178427477079,0.5348609023567424,0.3138133973841909,0.30632378326496124,1.0,0.12062467249481512
Theta-fragment of Egils saga-AM 162 A θ fol.,0.6082736293511507,0.26685633274631093,0.3231280023754415,0.392922902240629,0.3423186942237585,0.40218817180119526,0.31852100909457104,0.3411079076764616,0.27616283014848175,0.0,0.2751842118790704,0.47811830209097195,0.4672548795865815,1.0,1.0,1.0,1.0,1.0,0.304609777219094,0.2756136941322922,1.0,0.35029757112389037,0.31972710188999987,0.5180109321465571,0.2953392834680231,0.40118921791607876,0.3820395753870901,0.4299653808769094,0.3438658873565513,0.37264700543664164,0.5017454565523141,0.5783665201839437,0.4305148166860907,1.0,0.3012235872192369,0.34379057247754674,1.0,0.4014993225485607,0.3906002287720455,0.5672276015860197,0.6516381073308766,0.5611674637288582,0.435641864712791,0.4284824081434465,0.36188373489515147,1.0,1.0,0.39682457731715637,1.0,1.0,1.0,0.64901078078924,1.0,1.0,1.0,1.0,1.0,0.4230806570461316,0.39377930123348115,1.0,1.0,0.3847025923782208,0.525459008302002,0.6269810692142097,0.37191762415779983,0.5753491853887011,1.0,0.5536692547166726,0.4231287272136809,0.37573306712007326,0.5376659691894632,0.3859931618167929,0.5467272990503986,0.7385263794890939,0.6742285907408379,0.5353333472339361,0.4853803227750516,0.44325682660613774,0.43024488965485497,0.5477239794201936,0.5053953288361331,1.0,1.0,0.4969663406923083,0.4402034390665227,0.6921451889377146,0.6017021462019052,0.4613369016416309,0.41278523640880893,1.0,0.1952526180461136
Zeta-fragment of Egils saga-AM 162 A ζ fol.,0.6014025288320143,0.2717369230280967,0.23219582161579977,0.3315144676941604,0.26461194599905513,0.3541986411484557,0.26135862829227996,0.3310270126024385,0.22090501932157547,0.2751842118790704,2.9976021664879227e-15,0.44348599264161226,0.39586453399528254,1.0,1.0,1.0,1.0,1.0,0.2204075325207998,0.25440587254700786,1.0,0.324824038944985,0.23840622184600957,0.5130490694177758,0.26425646743020637,0.3654885180562363,0.2843269973258227,0.43613860194530707,0.3409198769823715,0.314270529407199,0.548960498281527,0.5474585965116712,0.4277279078467361,1.0,0.23949579686725941,0.2851045212263372,1.0,0.4045428756192879,0.36892129694434606,0.5607237710439851,0.6462424039983906,0.5200143695271249,0.40350795375394133,0.4320619512190951,0.2971420920728418,1.0,1.0,0.4671152068602792,1.0,1.0,1.0,0.6335624804669675,1.0,1.0,1.0,1.0,1.0,0.38596805969812653,0.37238614076217424,1.0,1.0,0.34938926884031196,0.5209497420250377,0.5728929997925166,0.32038240046718935,0.5274355435564043,1.0,0.5026968475617951,0.3719567094005858,0.4194159113668168,0.5843855114428689,0.4063991441264807,0.5441233622949502,0.7310650034083923,0.6533498105100404,0.5174775017838942,0.48008035862174436,0.40749510051206717,0.40244134954934063,0.5553290853811423,0.4879815095522497,1.0,1.0,0.44262546305956874,0.4187572760831938,0.7293878832063729,0.5803703028514995,0.40886705833459047,0.4034898901194601,1.0,0.12808724458601028
A fragment of Njáls saga-AM 162 B α fol,0.6449185901785174,0.3833908291300009,0.3528943620696888,0.42621883441234176,0.3803343524507963,0.44939210661379636,0.3578554119052837,0.4525726818534077,0.33755721245583425,0.47811830209097195,0.44348599264161226,2.6645352591003757e-15,0.47473036101721633,1.0,1.0,1.0,1.0,1.0,0.37808955876804484,0.38417442321252293,1.0,0.4367388089474252,0.35246682486049274,0.5749852747759397,0.35131138070269685,0.4683953025206232,0.4187123782989298,0.5046347619874748,0.42850618478084146,0.4071989956619394,0.613266294134194,0.5892650139242799,0.4824178903186931,1.0,0.3460012738920635,0.3858275357422436,1.0,0.48270487237854875,0.4612075753013969,0.5669196948844237,0.7234266907192759,0.619623837763148,0.5263257332500711,0.5689721045700838,0.4016137968614707,1.0,1.0,0.46383169972633453,1.0,1.0,1.0,0.6598081326286811,1.0,1.0,1.0,1.0,1.0,0.5064747939167896,0.4927605841606265,1.0,1.0,0.4922917155426373,0.5660791394502633,0.6279096065758999,0.4309941431953461,0.6070789196525402,1.0,0.5884812891773237,0.4654794531123233,0.5005476748384395,0.6420693466539749,0.5068313668024239,0.5823352343393755,0.7309616679840921,0.6958368268512607,0.5851149782333203,0.5460746235042585,0.48938591928606956,0.46030735430961567,0.5682083372808184,0.5472476203349231,1.0,1.0,0.5688107798018689,0.5412740367448813,0.7483262164568469,0.692233058537277,0.5058320128556322,0.5306308857496769,1.0,0.35772715241716957
Two fragments of Njáls saga-AM 162 B θ fol,0.6409916817445498,0.3512364323719953,0.2974055825129608,0.402866631134596,0.3410195512074291,0.39827163994622217,0.3099734604900981,0.4308696801323668,0.30092758402386055,0.4672548795865815,0.39586453399528254,0.47473036101721633,6.439293542825908e-15,1.0,1.0,1.0,1.0,1.0,0.3553895183651741,0.3777646742853482,1.0,0.4433582198218575,0.3214498566301325,0.5248862251785065,0.3276702627766056,0.44177060330530216,0.3668790078276921,0.4858985395012396,0.4053548114481891,0.3783834986396928,0.6202520958805197,0.570216786445461,0.4863218082683346,1.0,0.30955128499197615,0.3294085735520528,1.0,0.4748544331633997,0.4270130582647137,0.5753983292818307,0.6803797997745844,0.5888660004514898,0.49839753337392434,0.5888154880339349,0.3873685282971151,1.0,1.0,0.4444736060704274,1.0,1.0,1.0,0.6243081318539123,1.0,1.0,1.0,1.0,1.0,0.4470372402307681,0.4454520861038771,1.0,1.0,0.46881426316992403,0.5450422005931563,0.6002646241230432,0.3892497183507927,0.6025483428435467,1.0,0.573231358672629,0.45276526096660774,0.5029124622586403,0.628705453503246,0.49871756063726036,0.5450488810570266,0.7106218348507598,0.6536317848599205,0.5870677566454433,0.4747901939848087,0.4370553809355028,0.410937444721191,0.5146517598769866,0.5108525047035137,1.0,1.0,0.48354763945580914,0.5016950527197466,0.7476274118330035,0.6736802686078958,0.48139752099376654,0.5122894028189025,1.0,0.31218726612384895
Codex Wormianus-AM 242 fol,1.0,1.0,1.0,1.0,1.0,1.0,1.0,1.0,1.0,1.0,1.0,1.0,1.0,1.0,1.0,1.0,1.0,1.0,1.0,1.0,1.0,1.0,1.0,1.0,1.0,1.0,1.0,1.0,1.0,1.0,1.0,1.0,1.0,1.0,1.0,1.0,1.0,1.0,1.0,1.0,1.0,1.0,1.0,1.0,1.0,1.0,1.0,1.0,1.0,1.0,1.0,1.0,1.0,1.0,1.0,1.0,1.0,1.0,1.0,1.0,1.0,1.0,1.0,1.0,1.0,1.0,1.0,1.0,1.0,1.0,1.0,1.0,1.0,1.0,1.0,1.0,1.0,1.0,1.0,1.0,1.0,1.0,1.0,1.0,1.0,1.0,1.0,1.0,1.0,1.0,1.0
Konungs skuggsjá-AM 243 bα fol,1.0,1.0,1.0,1.0,1.0,1.0,1.0,1.0,1.0,1.0,1.0,1.0,1.0,1.0,1.0,1.0,1.0,1.0,1.0,1.0,1.0,1.0,1.0,1.0,1.0,1.0,1.0,1.0,1.0,1.0,1.0,1.0,1.0,1.0,1.0,1.0,1.0,1.0,1.0,1.0,1.0,1.0,1.0,1.0,1.0,1.0,1.0,1.0,1.0,1.0,1.0,1.0,1.0,1.0,1.0,1.0,1.0,1.0,1.0,1.0,1.0,1.0,1.0,1.0,1.0,1.0,1.0,1.0,1.0,1.0,1.0,1.0,1.0,1.0,1.0,1.0,1.0,1.0,1.0,1.0,1.0,1.0,1.0,1.0,1.0,1.0,1.0,1.0,1.0,1.0,1.0
Codex Runicus-AM 28 8vo,1.0,1.0,1.0,1.0,1.0,1.0,1.0,1.0,1.0,1.0,1.0,1.0,1.0,1.0,1.0,1.0,1.0,1.0,1.0,1.0,1.0,1.0,1.0,1.0,1.0,1.0,1.0,1.0,1.0,1.0,1.0,1.0,1.0,1.0,1.0,1.0,1.0,1.0,1.0,1.0,1.0,1.0,1.0,1.0,1.0,1.0,1.0,1.0,1.0,1.0,1.0,1.0,1.0,1.0,1.0,1.0,1.0,1.0,1.0,1.0,1.0,1.0,1.0,1.0,1.0,1.0,1.0,1.0,1.0,1.0,1.0,1.0,1.0,1.0,1.0,1.0,1.0,1.0,1.0,1.0,1.0,1.0,1.0,1.0,1.0,1.0,1.0,1.0,1.0,1.0,1.0
Landslǫg Magnúss Hákonarsonar and amendments (skipan) | Magnus Lagabøtes landslov og rettarbøter (skipan)-AM 302 fol,1.0,1.0,1.0,1.0,1.0,1.0,1.0,1.0,1.0,1.0,1.0,1.0,1.0,1.0,1.0,1.0,1.0,1.0,1.0,1.0,1.0,1.0,1.0,1.0,1.0,1.0,1.0,1.0,1.0,1.0,1.0,1.0,1.0,1.0,1.0,1.0,1.0,1.0,1.0,1.0,1.0,1.0,1.0,1.0,1.0,1.0,1.0,1.0,1.0,1.0,1.0,1.0,1.0,1.0,1.0,1.0,1.0,1.0,1.0,1.0,1.0,1.0,1.0,1.0,1.0,1.0,1.0,1.0,1.0,1.0,1.0,1.0,1.0,1.0,1.0,1.0,1.0,1.0,1.0,1.0,1.0,1.0,1.0,1.0,1.0,1.0,1.0,1.0,1.0,1.0,1.0
Landslǫg Magnúss Hákonarsonar | Magnus Lagabøtes landslov-AM 305 fol,1.0,1.0,1.0,1.0,1.0,1.0,1.0,1.0,1.0,1.0,1.0,1.0,1.0,1.0,1.0,1.0,1.0,1.0,1.0,1.0,1.0,1.0,1.0,1.0,1.0,1.0,1.0,1.0,1.0,1.0,1.0,1.0,1.0,1.0,1.0,1.0,1.0,1.0,1.0,1.0,1.0,1.0,1.0,1.0,1.0,1.0,1.0,1.0,1.0,1.0,1.0,1.0,1.0,1.0,1.0,1.0,1.0,1.0,1.0,1.0,1.0,1.0,1.0,1.0,1.0,1.0,1.0,1.0,1.0,1.0,1.0,1.0,1.0,1.0,1.0,1.0,1.0,1.0,1.0,1.0,1.0,1.0,1.0,1.0,1.0,1.0,1.0,1.0,1.0,1.0,1.0
Codex Frisianus-AM 45 fol.,0.5314369168389792,0.24890061208941505,0.16403657015001294,0.27141697297690814,0.20393714172914912,0.29572529358290756,0.20081387375919213,0.293462968003094,0.16218990051651416,0.304609777219094,0.2204075325207998,0.37808955876804484,0.3553895183651741,1.0,1.0,1.0,1.0,1.0,0.0,0.15559451616963849,1.0,0.22410324936524506,0.15981331216179806,0.4046599169692633,0.1736449404184317,0.307942905538357,0.20159002087972133,0.38141901181884075,0.26564894967166097,0.21513207683283675,0.4722322194783143,0.4570822639605422,0.35408012724960536,1.0,0.12594027993561052,0.18805587894833442,1.0,0.3270328278436371,0.28508979392900036,0.47167302951649237,0.5996649755444245,0.4724394217690965,0.348856735036975,0.3832083202751573,0.18080811902948823,1.0,1.0,0.4023853852871404,1.0,1.0,1.0,0.5896100212242038,1.0,1.0,1.0,1.0,1.0,0.3144840966860901,0.2918284837668904,1.0,1.0,0.26222814553065166,0.42804530800213003,0.473522062921653,0.2344693971476426,0.4174217852828719,1.0,0.42016295165135287,0.2830775181180669,0.35162065168958534,0.5400340246835134,0.33155856794393856,0.4410317585298048,0.6573193108541255,0.5991219720464351,0.44500704164801896,0.4071215454009858,0.3146484739132641,0.2798910879516866,0.47225345947348263,0.42615981236716627,1.0,1.0,0.4091936376701214,0.3523525506755486,0.6929594528404623,0.5454736118820223,0.32630617660628913,0.34517013840145583,1.0,0.10861983611162973
Alexanders saga-AM 519 a 4to,0.45670114957139374,0.1358105911210883,0.19083080864082713,0.24345639904118477,0.17365930433578036,0.279604488569835,0.1684392066731467,0.2302424164506418,0.11419703713536533,0.2756136941322922,0.25440587254700786,0.38417442321252293,0.3777646742853482,1.0,1.0,1.0,1.0,1.0,0.15559451616963849,0.0,1.0,0.18634498921578435,0.18258138182356431,0.4028508897092924,0.16659278283051826,0.2865980044674207,0.23981033372057847,0.3340835559727302,0.21133366601296422,0.22573549425286177,0.436124017397132,0.4798443004245615,0.2864589697305374,1.0,0.11943828416660585,0.17039985336697883,1.0,0.17474042019345448,0.2061456889747012,0.4334399911174427,0.5111900008624712,0.46903024812422733,0.26884587738999965,0.2182424711216242,0.17920248583120701,1.0,1.0,0.273371977261884,1.0,1.0,1.0,0.6029065816590755,1.0,1.0,1.0,1.0,1.0,0.24072117745905897,0.19154701742729419,1.0,1.0,0.2666823312877584,0.38041245468481755,0.5161299560599069,0.20392558838486596,0.5113218094950989,1.0,0.45249956019327886,0.2652785227012965,0.20277052761634673,0.4364395270863115,0.23068573892961197,0.3992629196841191,0.6503129682261742,0.6166137504082323,0.41967045502944855,0.3935994284872889,0.3048096177908052,0.2955863735379951,0.45511144994215913,0.42559419279803945,1.0,1.0,0.4058531649421492,0.24259806029461706,0.6344058681951307,0.4849641799966493,0.30080881809702975,0.23529570236787645,1.0,0.14416859089740064
Vǫluspá in Hauksbók-AM 544 4to,1.0,1.0,1.0,1.0,1.0,1.0,1.0,1.0,1.0,1.0,1.0,1.0,1.0,1.0,1.0,1.0,1.0,1.0,1.0,1.0,1.0,1.0,1.0,1.0,1.0,1.0,1.0,1.0,1.0,1.0,1.0,1.0,1.0,1.0,1.0,1.0,1.0,1.0,1.0,1.0,1.0,1.0,1.0,1.0,1.0,1.0,1.0,1.0,1.0,1.0,1.0,1.0,1.0,1.0,1.0,1.0,1.0,1.0,1.0,1.0,1.0,1.0,1.0,1.0,1.0,1.0,1.0,1.0,1.0,1.0,1.0,1.0,1.0,1.0,1.0,1.0,1.0,1.0,1.0,1.0,1.0,1.0,1.0,1.0,1.0,1.0,1.0,1.0,1.0,1.0,1.0
Dámusta saga-AM 557 4to,0.5579569975683913,0.25714208410915596,0.2809823822540394,0.33129095481561877,0.27343847014104905,0.34837548736737234,0.26966498035311937,0.32220719478935445,0.22113512777845845,0.35029757112389037,0.324824038944985,0.4367388089474252,0.4433582198218575,1.0,1.0,1.0,1.0,1.0,0.22410324936524506,0.18634498921578435,1.0,0.0,0.26958086040886964,0.45416930407721245,0.22830104286653963,0.3501302765507516,0.32375634562051614,0.37446980391353357,0.28989190306900003,0.28726532576168085,0.42485280363456635,0.5306340802523263,0.38086630211355454,1.0,0.2236040009571576,0.27559789546450686,1.0,0.3154980574162196,0.3355619116738864,0.5328038473087459,0.6017968866143801,0.5286466681487094,0.3811288121191968,0.37467667615033073,0.26953175848117605,1.0,1.0,0.3703283812921656,1.0,1.0,1.0,0.6360415598438646,1.0,1.0,1.0,1.0,1.0,0.3597141258775294,0.3234626819707974,1.0,1.0,0.3373889991748973,0.485544172598131,0.5555253119132191,0.2977288510138322,0.5355040646812586,1.0,0.5136080453556797,0.34014011916162123,0.33887002527856014,0.5100258821471485,0.3562791201692074,0.50847748177777,0.7051429415425026,0.6451828331011533,0.47753714460216923,0.45391994669251634,0.37626987518323196,0.3748003159790335,0.5266054147288944,0.47950919566361005,1.0,1.0,0.47269241129612627,0.3683534156436403,0.6673148491342906,0.5635516827730415,0.3877106640618988,0.34923733955719893,1.0,0.2221705138192065
Eiríks saga rauða-AM 557 4to,0.5352972634402486,0.21774857475239473,0.13762682690975792,0.2557110252445802,0.16355967943851102,0.2834669253461962,0.15689304996977527,0.29303101990835,0.1438871075283159,0.31972710188999987,0.23840622184600957,0.35246682486049274,0.3214498566301325,1.0,1.0,1.0,1.0,1.0,0.15981331216179806,0.18258138182356431,1.0,0.26958086040886964,9.769962616701378e-15,0.40340923644847837,0.16129914811760726,0.3044907567394918,0.1925830898651505,0.37481759136006854,0.24786718157257215,0.23420543934844684,0.5049217455410951,0.4752982542013944,0.32417878422926816,1.0,0.13008776121789145,0.17990605207470467,1.0,0.3344932009009075,0.2596397617769197,0.45961315270048175,0.6130684480240135,0.49749350179007323,0.3589753002325142,0.4145482694263586,0.21032801094952103,1.0,1.0,0.34100245117791306,1.0,1.0,1.0,0.541726554362185,1.0,1.0,1.0,1.0,1.0,0.3311736504357724,0.3204827518245156,1.0,1.0,0.31269352468154277,0.41089198231879265,0.5103230434606437,0.24926427007156082,0.4834980120765543,1.0,0.4334219129440702,0.3050425266849266,0.3382180802830038,0.5468980703187829,0.30893114343649586,0.42367855915992436,0.6390832703263654,0.5972057359172259,0.4751039875118359,0.411254398366384,0.31962045792392857,0.28161479629426067,0.43425165205113647,0.4510991434249201,1.0,1.0,0.38539168221756004,0.3817177676098332,0.683485232763233,0.5659736248977458,0.3466225474447605,0.36453751840744375,1.0,0.13231539243860058
Eiríks saga víðförla-AM 557 4to,0.6447485978019584,0.4388634245968658,0.4223863959658877,0.4942084946296338,0.4299653833458329,0.48737933430061187,0.4233296703614604,0.49841459177661884,0.4141590488274677,0.5180109321465571,0.5130490694177758,0.5749852747759397,0.5248862251785065,1.0,1.0,1.0,1.0,1.0,0.4046599169692633,0.4028508897092924,1.0,0.45416930407721245,0.40340923644847837,0.0,0.3789734713541948,0.5012790186966044,0.4532031196837176,0.538957928041544,0.4289043293664757,0.4503164889635948,0.5652680041253331,0.6210496109960808,0.5165535396682377,1.0,0.3839403899202215,0.410519528212516,1.0,0.45724902575606885,0.42392329933073747,0.5914235250208522,0.6668765666449552,0.6433968862898762,0.5196041839249717,0.5468757450282403,0.44310084016633255,1.0,1.0,0.49660053531781645,1.0,1.0,1.0,0.6824907263311559,1.0,1.0,1.0,1.0,1.0,0.5061034137657286,0.4906811671536955,1.0,1.0,0.49669518258637513,0.5465894379893593,0.6369030705055558,0.4363427914733311,0.6459040120490074,1.0,0.6062677507584494,0.5003133914176562,0.5013472635488148,0.6549578835173855,0.4882510770520587,0.5373148784412507,0.7081805590881931,0.6904447050825289,0.617175139649397,0.5318982902421672,0.48505169145813376,0.43286749441777006,0.5530938724386989,0.6082470710914502,1.0,1.0,0.5428242316087712,0.5319531338926923,0.7495110144470478,0.673161385423594,0.5225378434512398,0.5320486340471218,1.0,0.3875078844691835
Gunnlaugs saga Ormstungu-AM 557 4to,0.5201196670291124,0.17896245275476386,0.16056627438937587,0.24891477482009605,0.19368279135183641,0.24243349480149134,0.1570968974966599,0.2631538054306487,0.1277401098359584,0.2953392834680231,0.26425646743020637,0.35131138070269685,0.3276702627766056,1.0,1.0,1.0,1.0,1.0,0.1736449404184317,0.16659278283051826,1.0,0.22830104286653963,0.16129914811760726,0.3789734713541948,0.0,0.25785477725177985,0.23233741181374312,0.3133517592978722,0.21980610649587873,0.21066695548234127,0.4121107332853774,0.4700733099074199,0.3199651479206783,1.0,0.14078407468264897,0.18329509287472756,1.0,0.29611871046583693,0.2720171290933059,0.451046014242084,0.5946016378258863,0.4894829011781815,0.3588883797601281,0.38937467823282446,0.22011029644081348,1.0,1.0,0.2895690212867864,1.0,1.0,1.0,0.5737230276548289,1.0,1.0,1.0,1.0,1.0,0.32478414016337487,0.3021372943929296,1.0,1.0,0.31338065420725314,0.41513063943864126,0.5103855541289437,0.227464788967779,0.4955129709594508,1.0,0.46316687914702936,0.28511884191472914,0.32142050329529115,0.49868700271899924,0.3209863893804824,0.42879080286192894,0.6469721828583772,0.5704137024947469,0.4574634426338088,0.3722215960871623,0.3061433462159169,0.2784694319612686,0.42473946216804026,0.4109331804894941,1.0,1.0,0.40115051393603596,0.35834415100497496,0.6427106702481135,0.5633549006304575,0.3353587562865088,0.3462896302407644,1.0,0.1403399483162907
Hallfreðr saga vandraskald-AM 557 4to,0.6126968150479658,0.3105486108391503,0.2996456783788348,0.3661841926717737,0.31763532538606853,0.0796889898557065,0.2942835108695029,0.36036925583989143,0.25976270071734564,0.40118921791607876,0.3654885180562363,0.4683953025206232,0.44177060330530216,1.0,1.0,1.0,1.0,1.0,0.307942905538357,0.2865980044674207,1.0,0.3501302765507516,0.3044907567394918,0.5012790186966044,0.25785477725177985,0.0,0.35965969690680877,0.4181178340019984,0.3387826341628243,0.33937571217080187,0.49967255543522693,0.562259049471534,0.4429045709042948,1.0,0.28311553047764126,0.32296965237109265,1.0,0.4088345496068617,0.3958557708013085,0.5626694557512814,0.6739150234778506,0.555651852974147,0.4436212070507145,0.4684932482312014,0.35149605459976685,1.0,1.0,0.4255705515328212,1.0,1.0,1.0,0.6589358580357447,1.0,1.0,1.0,1.0,1.0,0.4167405463284314,0.39844239917902446,1.0,1.0,0.406234095375978,0.5265421108768681,0.608898256618835,0.36144252050086323,0.5759403630453845,1.0,0.5456383297250387,0.40469737911489756,0.42090818946446107,0.5646673468874637,0.4246018295648769,0.5501572288665548,0.7327385864142026,0.65849500622601,0.5243364073012704,0.4806872595463654,0.42533800359614726,0.4167015125534438,0.5465599294252261,0.4978620000602153,1.0,1.0,0.4912857451768108,0.4462941825708231,0.7072408076996594,0.6246118806198342,0.4467282784243709,0.4370825192175013,1.0,0.2703331814469634
Hrafns saga Sveinbjarnarsonar-AM 557 4to,0.5701366053029967,0.29442390509273497,0.20381343246245964,0.3227783035823668,0.22902615891888212,0.34213426219127663,0.23864069879857464,0.33986167152625935,0.2160493170965464,0.3820395753870901,0.2843269973258227,0.4187123782989298,0.3668790078276921,1.0,1.0,1.0,1.0,1.0,0.20159002087972133,0.23981033372057847,1.0,0.32375634562051614,0.1925830898651505,0.4532031196837176,0.23233741181374312,0.35965969690680877,0.0,0.4423419799891809,0.3243351795614201,0.3004462463587828,0.563796606821703,0.5122161418627293,0.4165147064129414,1.0,0.19657257888429502,0.2369724633235496,1.0,0.36080631982883904,0.305964356194535,0.5012064124149664,0.6132829308090604,0.5289941074632716,0.39813583921566276,0.43886015466886164,0.26323667647693416,1.0,1.0,0.43039241815914864,1.0,1.0,1.0,0.5915753625679598,1.0,1.0,1.0,1.0,1.0,0.35802759876871926,0.3447252831178125,1.0,1.0,0.3570828031914276,0.4576278911987771,0.513700770409374,0.3011350108283187,0.5125489275166508,1.0,0.4535336942703224,0.34248029505122124,0.39662885757524213,0.5829410259567964,0.3721199944381638,0.47050492833280333,0.6779326637609688,0.6345010124933287,0.5155609528429876,0.4673453656877281,0.3772570709972771,0.34906563183558215,0.48990815080391226,0.49404052672661747,1.0,1.0,0.416965139480334,0.39894660197526643,0.7241909785170961,0.5749646863926431,0.3676372822806607,0.3832329143360068,1.0,0.19092115198204518
Hróa þáttr heimska-AM 557 4to,0.6388664910034362,0.33047034731520664,0.3676062231333991,0.40863153909941385,0.37202781318777833,0.41249022921357925,0.3397832190546911,0.39751356845604047,0.30283240987737836,0.4299653808769094,0.43613860194530707,0.5046347619874748,0.4858985395012396,1.0,1.0,1.0,1.0,1.0,0.38141901181884075,0.3340835559727302,1.0,0.37446980391353357,0.37481759136006854,0.538957928041544,0.3133517592978722,0.4181178340019984,0.4423419799891809,2.1094237467877974e-15,0.37200707762613494,0.374158713227561,0.4806975253183424,0.598864765801476,0.4623585606224955,1.0,0.351553853169844,0.39176239596158635,1.0,0.444934812407624,0.459939485989433,0.6156252593695368,0.7016387307187253,0.5938234895990476,0.4873391803706656,0.5132204752581582,0.40937165023070066,1.0,1.0,0.4186490174502824,1.0,1.0,1.0,0.6673496134729582,1.0,1.0,1.0,1.0,1.0,0.46330645066111553,0.4365576388029262,1.0,1.0,0.4590173772640235,0.5741354525686928,0.6488617134193003,0.41284708610144694,0.6322555337486431,1.0,0.6115213777358303,0.4483876518232125,0.44473695239875133,0.5702107470250151,0.46553666029369467,0.5991354351447251,0.7646064151248484,0.6741582783615522,0.5519232811584462,0.5088261550128984,0.4629325554826479,0.4672874662423452,0.5859334599325869,0.5251661604933132,1.0,1.0,0.551064449677076,0.4870262400585261,0.699507091215625,0.6560041673635035,0.4928867476450549,0.47098602025198233,1.0,0.3471267577199433
