,A fragment of Konungs skuggsjá-AM 1056 IX 4to,Bandamanna saga according to AM 132 fol (Möðruvallabók)-AM 132 fol (114ra.41–120vb.21),Droplaugasona saga according to AM 132 fol (Möðruvallabók)-AM 132 fol (141va.3–147vb.4),Finnboga saga according to AM 132 fol (Möðruvallabók)-AM 132 fol (100ra.1–114ra.41),Fóstbræðra saga according to AM 132 fol (Möðruvallabók)-AM 132 fol (198rb.8–201vb.41),Hallfreðar saga according to AM 132 fol (Möðruvallabók)-AM 132 fol (149va.32–156rb.10),Kormáks saga according to AM 132 fol (Möðruvallabók)-AM 132 fol (120vb.21–129rb.7),Ölkofra þáttur according to AM 132 fol (Möðruvallabók)-AM 132 fol (147vb.5–149va.31),Víga-Glúms saga according to AM 132 fol (Möðruvallabók)-AM 132 fol (129rb.8–141va.32),Theta-fragment of Egils saga-AM 162 A θ fol.,Zeta-fragment of Egils saga-AM 162 A ζ fol.,A fragment of Njáls saga-AM 162 B α fol,Two fragments of Njáls saga-AM 162 B θ fol,Codex Frisianus-AM 45 fol.,Alexanders saga-AM 519 a 4to,Dámusta saga-AM 557 4to,Eiríks saga rauða-AM 557 4to,Eiríks saga víðförla-AM 557 4to,Gunnlaugs saga Ormstungu-AM 557 4to,Hallfreðr saga vandraskald-AM 557 4to,Hrafns saga Sveinbjarnarsonar-AM 557 4to,Hróa þáttr heimska-AM 557 4to,Karls þáttr vesæla-AM 557 4to,Rögnvalldr ok Rauð-AM 557 4to,Stúfs þáttr Kattarsonar-AM 557 4to,Sveinka þáttr Steinarssonar-AM 557 4to,Valdimars saga-AM 557 4to,Breta sǫgur-AM 573 4to,Trójumanna saga-AM 573 4to,De virtutibus et vitiis-AM 619 4to,Old Norwegian Homily Book-AM 619 4to,"Ór lǽknisbók The fragment is unnamed, but Konráð Gíslason named his edition of the text
                    Úr læknisbók, which is published in Fire og fyrretyve for en stor deel forhen
                    utrykte prøver af oldnordisk sprog og literatur (1860)-AM 655 XXX 4to",De xii abusivis saeculi-AM 677 4to,"De xii abusivis saeculi, Prosper’s Epigrams, Gregory’s Homilies on the Gospels, Gregory’s Dialogues-AM 677 4to",Gregory’s Homilies on the Gospels-AM 677 4to,Prosper’s Epigrams-AM 677 4to,Reynistaðarbók-AM 764 4to,Pamphilus saga-DG 4-7,Völuspá in Codex Regius-GKS 2365 4to,Bǿjarlǫg ok Farmannalǫg Magnúss Hákonarsonar | Magnus Lagabøtes bylov og farmannslov-Holm perg 34 4to,Landslǫg Magnúss Hákonarsonar | Magnus Lagabøtes landslov-Holm perg 34 4to,The Kringla fragment of Óláfs saga helga-Lbs fragm. 82,A fragment of Konungs skuggsjá-NKS 235 g 4to,A fragment of Fagrskinna-NRA norr fragm 51,A fragment of Óláfs saga helga hin elzta-NRA norr fragm 52,A fragment of Haralds saga harðráða in Heimskringla-NRA norr fragm 53,A fragment of Hákonar saga Hákonarsonar-NRA norr fragm 55 B,A fragment of Jóns saga helga-NRA norr fragm 57,A fragment of Konungs skuggsjá-NRA norr fragm 58 A,A fragment of Konungs skuggsjá-NRA norr fragm 58 B,A fragment of Konungs skuggsjá-NRA norr fragm 58 C,A fragment of Rimbegla-NRA norr fragm 59,A fragment of Stjórn-NRA norr fragm 60 A,A fragment of Stjórn-NRA norr fragm 60 B,A fragment of Stjórn-NRA norr fragm 60 C,A fragment of Karlamagnúss saga-NRA norr fragm 61,A fragment of Karlamagnúss saga-NRA norr fragm 62,A fragment of Karlamagnúss saga-NRA norr fragm 63,A fragment of Barlaams saga ok Jósafats-NRA norr fragm 64,A fragment of Flóress saga ok Blankiflúr-NRA norr fragm 65,A fragment of Brendanuss saga-NRA norr fragm 68,A fragment of Landslǫg Magnúss Hákonarsonar-NRA norr fragm 7,A fragment of Agǫtu saga-NRA norr fragm 70,"A fragment of Gregors saga páfa and 
                            Díalógar-NRA norr fragm 71",A fragment of Maríu saga-NRA norr fragm 78,A fragment of Páls saga postula-NRA norr fragm 80,Egils saga Skalla-Grímssonar in Wolfenbüttelbók-WolfAug 9 10 4to
A fragment of Konungs skuggsjá-AM 1056 IX 4to,0.0,0.5324859105229394,0.5585340692907295,0.516886684566104,0.5640802536017209,0.5557151571252341,0.5574826809610199,0.60215036185551,0.5275743535176272,0.6276287312036328,0.620001739421488,0.6555299911039965,0.6525617347733375,0.5452242057726814,0.46916817543283684,0.5693615114093218,0.549858171960483,0.664880832971134,0.5360091658782291,0.5501551767147393,0.5784693813375053,0.6574813762437166,0.5780104042815309,0.5930121110208482,0.7373869590475584,0.7154066414958231,0.5990612742635706,0.5105016356031031,0.5425550585380983,0.49092081537786325,0.5207589533232144,0.6310893911859009,0.6694263079279371,0.7559748235846022,0.6202299027293501,0.5224080283341332,0.4937426558007303,0.5727163649310534,0.7488872821192868,0.5079873245563588,0.48531688218888913,0.619164382464502,0.5925181450735232,0.7110194102299696,0.5599213409725994,0.7509508451867991,0.6994799738084537,0.5756811247086435,0.5203941846280018,0.7118757526402861,0.5344662381099636,0.5897028518912234,0.7151379086690917,0.7607262443677653,0.7198288340912495,0.674697642158101,0.6036971161647233,0.5868427538095591,0.6598658796172026,0.6884882965403967,0.6749683121808319,0.5220676878602832,0.7936686492917135,0.7093195005854472,0.5967413587844714,0.5857038503244518,0.5510558725645607
Bandamanna saga according to AM 132 fol (Möðruvallabók)-AM 132 fol (114ra.41–120vb.21),0.5324859105229394,9.880984919163893e-15,0.19497607909404646,0.13881252927822196,0.2005507330509343,0.15446797662790424,0.16623773634911887,0.23593427916542042,0.1123394659098863,0.2735711062348869,0.2735258487973262,0.38757662271520466,0.35278006423030317,0.2544413217799504,0.14067076102860576,0.25875891217665226,0.22196439105563381,0.45521010136571993,0.18491444141554392,0.17661215772802363,0.2922177373696786,0.34228231009541077,0.2277823517797971,0.2665548642262331,0.440467307685776,0.5125933471455089,0.2961914701565269,0.18989900867620713,0.22617368079351108,0.24793913278608493,0.2632729957993828,0.4386495597603385,0.5348375766994611,0.5664725803174784,0.37912439759477234,0.295744756757643,0.18932068123119494,0.25059911913853883,0.579504996571099,0.31475439782636583,0.28897276275596584,0.323400814972841,0.4261277196034883,0.5612110851310939,0.24642050559046147,0.537969928931076,0.5063743890319569,0.30974162180101483,0.2571414990658407,0.4465306819599325,0.27997590878546486,0.4200376051201953,0.6093901288716157,0.587494796518188,0.4698617293980839,0.396337567411825,0.3362739091706154,0.33142184062255775,0.45815155831119225,0.4503201712170807,0.42901252428123027,0.33567447595914535,0.6421385554920754,0.5304226395175429,0.36891584436354063,0.3155731246719705,0.17679033020360935
Droplaugasona saga according to AM 132 fol (Möðruvallabók)-AM 132 fol (141va.3–147vb.4),0.5585340692907295,0.19497607909404646,1.4210854715202004e-14,0.10317850232534809,0.15400450454982573,0.12661436906302526,0.130546655386374,0.2641813852450662,0.11319771717819072,0.3270602859423176,0.2337630689852278,0.3426378612037412,0.29361030712867253,0.15781753397043985,0.1793075760643501,0.26410853110101506,0.12275302272666011,0.42476805729859657,0.14862747133898357,0.14866128335568862,0.18194846824185207,0.36399131639844073,0.24614417395134147,0.22234447232635446,0.49731182076087155,0.4617524077561965,0.3095993655770132,0.13262904061390313,0.17227644358267546,0.3210730210259777,0.26222656467532734,0.4473633189852987,0.5829580631230828,0.5327308842180977,0.3815960803860805,0.3962452064261792,0.13086739242311973,0.339679586062146,0.5311994329385605,0.3190360995615672,0.31786467502594296,0.31362588201801167,0.4241029733510694,0.5049613492368057,0.23196987614618003,0.4652150013074252,0.44237457715560347,0.28047261104074306,0.34674308542585885,0.5146975660723145,0.3341290790766014,0.4153503733311992,0.5930253167704517,0.5604567235956202,0.46994901864337346,0.39067233435407345,0.31850742269594123,0.2849960344992364,0.4506641399488126,0.42489916419749485,0.3705222502477922,0.3772461300867068,0.6837465885176102,0.5500902747134886,0.3343455769696343,0.36819973485136814,0.1362457345089938
Finnboga saga according to AM 132 fol (Möðruvallabók)-AM 132 fol (100ra.1–114ra.41),0.516886684566104,0.13881252927822196,0.1031785023253482,0.0,0.13637792831581452,0.09380072373255066,0.11124387176872697,0.22686658923751346,0.06958975615621588,0.30013768267606267,0.2236546482479379,0.32362707768807397,0.2999619930534756,0.14219252040813857,0.11108806818445827,0.209411483737875,0.12239554738742198,0.418937052055385,0.11747516740855857,0.10620563884983547,0.19537414906410844,0.3130659668435868,0.20685546453542902,0.1733428643742143,0.45813735217189766,0.4419377052520326,0.284858260508141,0.09399144966343775,0.14833846098167958,0.2650735757510885,0.24174609847096917,0.42829980659010014,0.5674222211912734,0.5075127400726056,0.3503707795481913,0.332461875897328,0.09271424020022934,0.30226660266112637,0.5564782654991454,0.28677613462309737,0.2772350093129313,0.28470450392857727,0.3941817261263645,0.4907130688834904,0.19060119788041063,0.46498995918909225,0.45276878917816676,0.23961228470744023,0.29956597523761397,0.4692881591214477,0.2962369192549039,0.39624738303202844,0.569495102729767,0.5456078166629822,0.417013251746978,0.36697512142342426,0.2801793166068296,0.2658873849449638,0.4386073654099203,0.3879314895281012,0.3792110973866005,0.3339689442997985,0.650582050374884,0.5222629651451235,0.29078558568487567,0.32846026694602726,0.12133548219623813
Fóstbræðra saga according to AM 132 fol (Möðruvallabók)-AM 132 fol (198rb.8–201vb.41),0.5640802536017209,0.2005507330509343,0.15400450454982573,0.13637792831581452,0.0,0.16261600397620213,0.17218982568003494,0.27363359509067176,0.14269102512666731,0.3498891323985185,0.26641921128528756,0.37213080856975833,0.3369029056103211,0.19814013748637072,0.17524051474652746,0.2657588304178259,0.1551076488728883,0.4383294029279923,0.1906137689963141,0.17521409523327725,0.21525764437993034,0.3769953428217766,0.25478389760913156,0.26380893031661845,0.49600187319417344,0.4909473936940668,0.33097628558286973,0.16146025941725328,0.211071953475652,0.30209866877168845,0.25438822175991693,0.4822847609728732,0.5732193345411032,0.5536157277379403,0.3745618249389574,0.3690474382728718,0.15459949441640974,0.3502296219025537,0.5544746870310993,0.3241566385179434,0.31613904698794226,0.32119124556974243,0.4381964951691437,0.5311227909359277,0.2589402339434378,0.49041547988694767,0.46521755344377425,0.3109686435037954,0.33046192935413077,0.5038309206345702,0.3234576430313756,0.4293031566336969,0.610142512831958,0.5829444152231069,0.47298120313124703,0.4211881840547893,0.3396842388782295,0.32356195326148407,0.47291808646096967,0.47393384374070524,0.3936326896445168,0.36892200338080294,0.6808751732593699,0.5439420523169407,0.34746002576282586,0.3508807411660688,0.17276777023795276
Hallfreðar saga according to AM 132 fol (Möðruvallabók)-AM 132 fol (149va.32–156rb.10),0.5557151571252341,0.15446797662790424,0.12661436906302526,0.09380072373255066,0.16261600397620213,0.0,0.12037198184883902,0.23431211680626207,0.09435786011461067,0.31253756578747116,0.25161699399263515,0.35549430667311976,0.29330714248632594,0.17265344148558648,0.15460398168548772,0.22943205722181803,0.15774180708415175,0.40902052846990344,0.13234771859746963,0.1050937788295172,0.21827617099052343,0.31658960731997265,0.20508069269670914,0.19871753613530607,0.40813824655618813,0.4628975335319615,0.3121296185519169,0.1399894463999124,0.17955226273029634,0.29472052865523457,0.2683945935012829,0.45752626381276074,0.5737614096483385,0.5312850558017695,0.376566131773332,0.3727642946172883,0.14707953279239183,0.3010986020017836,0.5536246608703941,0.30956846999886656,0.3007661177802732,0.2869015500527746,0.43058711722455134,0.5135534832314117,0.21646349980043944,0.4728547270179375,0.4624284406653939,0.2734488735586035,0.32878068353223977,0.47232871930449494,0.3270948500700869,0.4299011341438975,0.6037838979987729,0.5514090233032762,0.4443788914076916,0.35446284856034727,0.2989939247961667,0.2761017956223738,0.45540792359567417,0.4065064715605282,0.3801804766425999,0.3556118313067147,0.656602564697493,0.544057033938592,0.33233040451358953,0.3459796083503369,0.13971492194491508
Kormáks saga according to AM 132 fol (Möðruvallabók)-AM 132 fol (120vb.21–129rb.7),0.5574826809610199,0.16623773634911887,0.130546655386374,0.11124387176872697,0.17218982568003494,0.12037198184883902,1.3100631690576847e-14,0.2561374457860264,0.11226438148044648,0.3317648821756749,0.2717547009189718,0.354974842957102,0.30819879241557346,0.20258143709578336,0.17065222033427385,0.2653355567112937,0.15207243713463658,0.4329569896096128,0.15590312265603345,0.14840569859514519,0.22920110334017874,0.3456603460174369,0.23044152604844148,0.21746729959218014,0.46807460548764035,0.48240722986828133,0.3040690697598216,0.15457606349063802,0.19089983748231942,0.30320090396356925,0.2639956367339771,0.44106816800253346,0.5686820644237492,0.5488974923038932,0.382405589789095,0.37412320445011893,0.15868678335650732,0.2954249887956135,0.5373157272871723,0.319355729894367,0.310467237750902,0.31810614521256697,0.428801044635686,0.5302680968079276,0.23807886966256508,0.4970675434825105,0.47434335888574075,0.28855488455309,0.3294484706764369,0.49598082865510273,0.3257346254759599,0.4155769359069845,0.6072955934719998,0.5705040045477799,0.4706417112668796,0.38497987976855697,0.31593292680613816,0.2948125700762403,0.45498962751278904,0.43728519329821325,0.3899733197910642,0.3666288544297268,0.6661967069237099,0.5467323498991365,0.3455290834441399,0.36045140939321807,0.1644444921326258
Ölkofra þáttur according to AM 132 fol (Möðruvallabók)-AM 132 fol (147vb.5–149va.31),0.60215036185551,0.23593427916542042,0.2641813852450662,0.22686658923751346,0.27363359509067176,0.23431211680626207,0.2561374457860264,0.0,0.2119536781703345,0.35349911537794254,0.3383504352564537,0.45005263707819787,0.43234950040836295,0.2947216774177853,0.22806832993994042,0.31340754084030487,0.2903871953410472,0.5054058592881139,0.2612743890125965,0.22804906106526124,0.3359797971676969,0.4066421088523072,0.29405337473728566,0.34871195538087973,0.4757138636134868,0.5704246444985663,0.4006389827675808,0.2675437928754921,0.30799189250099057,0.3229387065865341,0.32620625601304365,0.5216521683571178,0.5840868822195486,0.5805037078175259,0.4116483973182484,0.34299045646156623,0.2644569618958582,0.3697620658934456,0.6392695633144687,0.3558803602823837,0.3386733985470717,0.3695688147252294,0.5053600266744581,0.6198427959733455,0.3429044934666623,0.5496460140956965,0.529912249081694,0.3701171398902201,0.32606015257084586,0.47440131704076227,0.34862541242260536,0.5061440110988862,0.6976664051468819,0.6311313242411876,0.5072724560425436,0.46174684736435545,0.4098371740706662,0.41978782716002094,0.5393974117743581,0.48193122984316294,0.43495175973800704,0.37974461356396716,0.6674939824207529,0.5492003998589332,0.4128642539855193,0.36779354375725837,0.2515786957512266
Víga-Glúms saga according to AM 132 fol (Möðruvallabók)-AM 132 fol (129rb.8–141va.32),0.5275743535176272,0.1123394659098863,0.11319771717819072,0.06958975615621588,0.14269102512666731,0.09435786011461067,0.11226438148044648,0.21195367817033461,0.0,0.29095862571260966,0.23021497088933007,0.33841923556216,0.30177690493721276,0.16379885060395627,0.11495346561317066,0.21579779922769438,0.14229544912024872,0.4263607739987393,0.12936352108357008,0.11247589519681389,0.20879985719452065,0.3120581398134923,0.19941636881169578,0.1942777595535945,0.4426234498186403,0.4660303738095235,0.2887298844686468,0.11256597248297084,0.16341396810106879,0.2505641787414563,0.2355350579505321,0.43515152852939565,0.5576209251998852,0.5061267740245174,0.33443094369695003,0.30750554482371806,0.11203142082041817,0.2770712912510158,0.552015545211257,0.26834091076832745,0.2595814865025493,0.28092433454595966,0.40915591020997855,0.5109535063899757,0.2091083563764008,0.47414639539370784,0.456984622506618,0.2481564019827932,0.27806260538597916,0.4480928505494849,0.2892172480489483,0.4008868139184699,0.5976206271021074,0.552259776722294,0.4335589973904672,0.3567435665987555,0.28007953515161854,0.27596047274635793,0.4389295549393293,0.38407852139310383,0.37662608285775634,0.3128176259766464,0.6538527235891691,0.514258823784675,0.3059470506556293,0.3083994463127778,0.13086204695994264
Theta-fragment of Egils saga-AM 162 A θ fol.,0.6276287312036328,0.2735711062348869,0.3270602859423176,0.30013768267606267,0.3498891323985185,0.31253756578747116,0.3317648821756749,0.35349911537794254,0.29095862571260966,1.6653345369377348e-15,0.26830228782785015,0.4900834722804579,0.48245502715669053,0.31393852610885664,0.28734981326316356,0.35837317060949914,0.33471876925335753,0.5336169894039342,0.3095640434483179,0.2950725869955848,0.3933058676181308,0.4477125786924677,0.3599394576391455,0.38972817701074847,0.519674175756527,0.5809747471440614,0.4282462192946219,0.3157086861756687,0.3548794903037178,0.4049549684482988,0.3921531688113987,0.5628817456548417,0.6343687960888579,0.6198979595691056,0.47854356074929305,0.42587743276483914,0.3126219329338671,0.40998360995144956,0.6459189807740019,0.42799369417766153,0.40868970159037343,0.3867566001814612,0.5343057389043417,0.6283470542772956,0.3752686613814187,0.5699652043953538,0.5626113778120292,0.4225991631709287,0.38754992452760506,0.5288124052184613,0.3935630131209601,0.5332308807664443,0.693355378404657,0.6560865778065514,0.5479013810456055,0.49577393992006524,0.4548598298265051,0.4373509651377654,0.5609509854319112,0.5206537930317704,0.5015140596118794,0.45314301185810346,0.6960680533518049,0.5925530153674425,0.46790143640542703,0.42472097805876974,0.18993243987036046
Zeta-fragment of Egils saga-AM 162 A ζ fol.,0.620001739421488,0.2735258487973262,0.2337630689852278,0.2236546482479379,0.26641921128528756,0.25161699399263515,0.2717547009189718,0.3383504352564537,0.23021497088933007,0.26830228782785015,7.327471962526033e-15,0.4493975723446114,0.4078711717877266,0.22911542019035913,0.2614650547114864,0.3274641165761998,0.24666564917367617,0.5276354278357323,0.2760457962686137,0.24972146985222243,0.287610077516246,0.45320117245012037,0.34994955425945595,0.32349099013654214,0.5634959386870124,0.5477613222712252,0.4178770326592892,0.2484382183463718,0.2922749732514208,0.4038168657671052,0.3650614846479395,0.5574143202840964,0.6261197505743243,0.5814813904288297,0.44353885548439864,0.4294218482472646,0.2333095228213825,0.4770648485995891,0.6269118050601814,0.38675943974684834,0.38265943085217513,0.35245342926025547,0.5268446590496697,0.5719884251837795,0.324404451231492,0.5101174778565238,0.5116440934569622,0.3679018963096474,0.42802886930056894,0.5783779336550283,0.41433494394713255,0.5277207590134114,0.6864408951275986,0.6310456000547229,0.5313303715207711,0.48962793945681826,0.4158944504436075,0.40853713987434104,0.5674199357867301,0.5054997065025162,0.43870052813119775,0.4257009506564956,0.7319348285417131,0.5760834887857446,0.4110395599231107,0.412038290168356,0.1218165776084218
A fragment of Njáls saga-AM 162 B α fol,0.6555299911039965,0.38757662271520466,0.3426378612037412,0.32362707768807397,0.37213080856975833,0.35549430667311976,0.354974842957102,0.45005263707819787,0.33841923556216,0.4900834722804579,0.4493975723446114,0.0,0.47853367464740726,0.37606490987105445,0.3810736586231679,0.4317005252705989,0.34917486859407054,0.5860586837950034,0.3554668688861604,0.36331285257477086,0.41040306581958874,0.5110599509307377,0.43218007999778363,0.409087352172515,0.6244587899063354,0.5800801687038405,0.47249540323297257,0.3438960859677982,0.3844600965699472,0.4724903289859754,0.4509816362920449,0.552440666810109,0.7002455015854632,0.6611402705134999,0.546087953321543,0.5519620889978126,0.3377583168646304,0.46419374018393367,0.6366257932329672,0.5004953113527103,0.4938429736309745,0.49009348059757685,0.5648468303687706,0.621589011240286,0.42503705700580163,0.5966017846802515,0.590816387747905,0.4527516194523219,0.4985451925937544,0.6282732261086361,0.5042183673220175,0.5595034967981783,0.6807968613484193,0.6756173213627505,0.5882935200255228,0.5480921049673199,0.4861817308036913,0.4579048443841208,0.5757034454455572,0.5516827475749995,0.5633710237311921,0.540115932661973,0.750724780506232,0.6803675248549977,0.5011449821836458,0.5326456497155134,0.3648879435643855
Two fragments of Njáls saga-AM 162 B θ fol,0.6525617347733375,0.35278006423030317,0.29361030712867253,0.2999619930534756,0.3369029056103211,0.29330714248632594,0.30819879241557346,0.43234950040836295,0.30177690493721276,0.48245502715669053,0.4078711717877266,0.47853367464740726,2.55351295663786e-15,0.3575656103056569,0.378172908638986,0.4423639327575757,0.3200421837008508,0.5357214982892067,0.33283328684666247,0.3344948418518179,0.36171078142411595,0.49503108657561845,0.4059287623534321,0.38519524566472507,0.6264925497733328,0.5686987088314124,0.4757618098004227,0.3107426761595633,0.32923563796016964,0.4655127814399561,0.4166315119623685,0.5654980559411031,0.6528628760853628,0.6337952596746438,0.5216769797178344,0.5773823622509597,0.32983113517858287,0.4476012695336792,0.6051214749513438,0.4394633826092268,0.4473520747304509,0.46863166955229696,0.5439277344145295,0.5956251084613572,0.3807388673051507,0.5865397518632733,0.5823986578582492,0.44567826462368243,0.5028748658488152,0.6141765623144366,0.49471539980481427,0.5203547013907975,0.6579010105133034,0.626186152078364,0.5976281037426261,0.4747826587464349,0.43440469949449,0.4108369246619985,0.5222671440905715,0.5193288696793228,0.4752347040151934,0.5010834086435418,0.7490725459819966,0.6604374059864189,0.47919483445913524,0.5173492521695724,0.3231501301543881
Codex Frisianus-AM 45 fol.,0.5452242057726814,0.2544413217799504,0.15781753397043985,0.14219252040813857,0.19814013748637072,0.17265344148558648,0.20258143709578336,0.2947216774177853,0.16379885060395627,0.31393852610885664,0.22911542019035913,0.37606490987105445,0.3575656103056569,1.9317880628477724e-14,0.15262668661320067,0.21536017298393484,0.15801228161492176,0.4136273701855906,0.1747718326369,0.16774229593192946,0.1929893374013617,0.39036127882123606,0.26745089824884516,0.21758346286662966,0.4773003120291306,0.4502630867170685,0.3378379197300204,0.12512315587463785,0.18407278175533448,0.31551879042335806,0.2698442890971914,0.4621020587484903,0.5642856561359075,0.5293516757580369,0.37704129358126726,0.36565447052071187,0.09931419847160416,0.407228920769764,0.5674665085390425,0.3041572155131138,0.29332817821590673,0.2540795659127,0.42445293143316354,0.4635885670459995,0.22744282324954124,0.40039701324614485,0.42274939903317854,0.2645520066374827,0.35344938899025513,0.5219117483761931,0.33059524846809596,0.4117504119849963,0.5977988998719017,0.5712022854116061,0.4475238363901456,0.4075129028958949,0.3125311566381376,0.2711056657622356,0.4807732482720518,0.43520156432524393,0.40168326689441125,0.35259866618239666,0.6921371998440256,0.5306144213672418,0.3184245266613479,0.3495663760747395,0.11346072918326255
Alexanders saga-AM 519 a 4to,0.46916817543283684,0.14067076102860576,0.1793075760643501,0.11108806818445827,0.17524051474652758,0.15460398168548772,0.17065222033427396,0.22806832993994042,0.11495346561317066,0.28734981326316356,0.2614650547114864,0.3810736586231679,0.378172908638986,0.15262668661320067,0.0,0.17889907327185317,0.18065700518016437,0.4150738268566042,0.16691782873988503,0.1413171875883974,0.23050210313601027,0.3441773940157865,0.21055321377554592,0.2269420077312837,0.4432399035588094,0.4773302720447602,0.2675443053305401,0.11721551106517047,0.16799566762406926,0.15845239385273568,0.1895179792803353,0.4277151913350551,0.46720642457283224,0.5266704843039169,0.30384989484837166,0.191792970803917,0.09389817705565073,0.2753369003535341,0.5849908868433638,0.22792444290903402,0.19201595731037002,0.2582466195487465,0.37724707896671217,0.5071207715046737,0.1922535007377567,0.4945320874647402,0.45833533539930704,0.2484893683849061,0.20473916361281919,0.40978450454689297,0.22339939488464067,0.3725397926319819,0.5852383997897186,0.5853340984362698,0.42044412174433277,0.3931241051013322,0.305178352561725,0.28891528324482896,0.4642709355650425,0.4315078615276834,0.3965818621758872,0.23920181108220007,0.6324365389690764,0.46032020568689036,0.29094364238115467,0.23609371614738017,0.1508080784995317
Dámusta saga-AM 557 4to,0.5693615114093218,0.25875891217665226,0.26410853110101506,0.209411483737875,0.2657588304178259,0.22943205722181803,0.2653355567112937,0.31340754084030487,0.21579779922769438,0.35837317060949914,0.3274641165761998,0.4317005252705989,0.4423639327575757,0.21536017298393484,0.17889907327185317,0.0,0.26679826778785365,0.459886980909159,0.2244465174136936,0.21322821195665653,0.3141485457355204,0.3753382203028064,0.2859360688442534,0.28448376786981355,0.4252564849845146,0.5262929262940947,0.36794754409629904,0.21947009685678032,0.27172230088122895,0.30197097473503887,0.3221919495618055,0.5205222224678618,0.5601709576110088,0.576133672089411,0.405471366108352,0.34956945018599694,0.19054345095306258,0.3716397274629838,0.610511921175509,0.35464183020476936,0.32735366957277934,0.3245709711539899,0.4806669751402207,0.5422317667719176,0.2886442160225271,0.5185309220772879,0.513162355715042,0.31981311991325845,0.33704672833643357,0.48743041945253784,0.3521902854876984,0.4862854351171839,0.6520330990458867,0.6155846914023174,0.48067393071689934,0.45066082596053725,0.3748218838835753,0.3676262480659652,0.5350929985101749,0.48346354888757326,0.46623958947059263,0.36964811663925423,0.6681769187378361,0.5424108466240904,0.379227337936609,0.3494114768352601,0.22631498606040912
Eiríks saga rauða-AM 557 4to,0.549858171960483,0.22196439105563381,0.12275302272665989,0.12239554738742198,0.1551076488728883,0.15774180708415175,0.15207243713463658,0.2903871953410472,0.14229544912024872,0.33471876925335753,0.24666564917367617,0.34917486859407054,0.3200421837008508,0.15801228161492176,0.18065700518016437,0.26679826778785365,0.0,0.4161780463446999,0.16256820095058455,0.16484396334907836,0.18438952063920733,0.3835395396849649,0.25071167519998505,0.23624817260609798,0.5158591518854806,0.47185177391001343,0.3099536576495283,0.12939078781266156,0.17646826084147438,0.3241302502185276,0.24433136521915977,0.44507612393136164,0.5758707315203144,0.5501848410839938,0.38499606678237086,0.3957036619055003,0.12646161232094077,0.3444669388947358,0.5073029048864477,0.32294581829368285,0.32261123982384987,0.30968090713881014,0.41068690274202846,0.5041049468861513,0.2395581022869483,0.4648999358095056,0.43764546636440516,0.2915255984848919,0.3388904890908667,0.5327498246818346,0.30583991747004424,0.3914820666075346,0.5693265236327337,0.566917991305824,0.48118500510499884,0.4112439849678384,0.3184918532881913,0.27623174060563516,0.44441323313356684,0.4597641843199626,0.37958202059995305,0.3818314313541513,0.6847539018232747,0.545358873167968,0.33987923159156896,0.3678426518231399,0.14200020564550975
Eiríks saga víðförla-AM 557 4to,0.664880832971134,0.45521010136571993,0.42476805729859657,0.418937052055385,0.4383294029279923,0.40902052846990344,0.4329569896096128,0.5054058592881139,0.4263607739987393,0.5336169894039342,0.5276354278357323,0.5860586837950034,0.5357214982892067,0.4136273701855906,0.4150738268566042,0.459886980909159,0.4161780463446999,0.0,0.3881205032736601,0.41047808275863995,0.4607186620324415,0.5499255344029155,0.43677561717460145,0.46064637151361165,0.5669163506753494,0.625372816088445,0.5167238646958116,0.3973906360314431,0.4241130006284535,0.46880494401410167,0.43484064682972046,0.5957789305526789,0.6429322685532519,0.6893203377384625,0.5537488694430066,0.5526576576809811,0.404492704611092,0.509990007282598,0.6722667909679352,0.5110825392488304,0.5042991688399912,0.49903093925690756,0.558199623199908,0.6389192611996088,0.4384168907399031,0.638040523574448,0.619429436035739,0.5030016965505097,0.5149667200916841,0.6597622363006976,0.4995689019679509,0.5268411943998843,0.6768671654629536,0.6723442265208921,0.6270408800789171,0.5413536558092868,0.496270316791559,0.4402145314944257,0.575622200813273,0.6208808441625782,0.5459030787129138,0.54358476577265,0.7554126320178463,0.6695629638151742,0.5317079697072609,0.5505602391358033,0.4036448205116039
Gunnlaugs saga Ormstungu-AM 557 4to,0.5360091658782291,0.18491444141554392,0.14862747133898357,0.11747516740855857,0.1906137689963141,0.13234771859746963,0.15590312265603345,0.2612743890125965,0.12936352108356997,0.3095640434483179,0.2760457962686137,0.3554668688861604,0.33283328684666247,0.1747718326369,0.16691782873988503,0.2244465174136936,0.16256820095058455,0.3881205032736601,0.0,0.13121473122326,0.2245585320165252,0.3196146126179512,0.22378798362524077,0.2120959345057125,0.42267334753203967,0.4692728702670921,0.3070514090957941,0.1432826987096828,0.18382494575275554,0.28605994998604667,0.26090068980129166,0.43863849740430316,0.5574845510801435,0.5455027741368284,0.3885925755532681,0.3696664860598622,0.14445752780042143,0.29144771044788853,0.5479938930160217,0.32129720799762806,0.3079832657339544,0.3104908389572799,0.41252791498704644,0.5024819230915076,0.22005690773628717,0.4790648374882146,0.4672796071783858,0.2703038129628059,0.3235864540149558,0.4810202674601268,0.320537697732599,0.4054184070644554,0.5796905660810504,0.5444212764536966,0.46306493106085644,0.37442303152010437,0.30749171495064,0.2745271132735059,0.43634315268188706,0.42015866577234473,0.39776661875970376,0.3617241371884701,0.645789091073766,0.5469925396095845,0.3311081169202992,0.35048256432718816,0.15179291559132413
Hallfreðr saga vandraskald-AM 557 4to,0.5501551767147393,0.17661215772802363,0.14866128335568862,0.10620563884983547,0.17521409523327725,0.1050937788295172,0.14840569859514519,0.22804906106526124,0.11247589519681367,0.2950725869955848,0.24972146985222243,0.36331285257477086,0.3344948418518179,0.16774229593192946,0.1413171875883974,0.21322821195665653,0.16484396334907836,0.41047808275863995,0.13121473122326,0.0,0.2245924047077832,0.30949102090265723,0.20489790306481714,0.20860556031430244,0.4036010080114856,0.47217881939903505,0.3156540749647593,0.13975930788499535,0.18816615439059903,0.28087994251440973,0.2632998518913008,0.4629297189067012,0.5738464522275287,0.5232603585256741,0.3611765313866847,0.3411149600025092,0.14219461911815767,0.3126673624644286,0.566421271471234,0.29398341806297623,0.2823610036664851,0.28222958450662416,0.4319979234140937,0.5223835520693542,0.22298752970094993,0.4717065197110727,0.4590608078609,0.2704259344674682,0.30644351102198575,0.4557570824212551,0.30740789730798845,0.4362692868514403,0.6191287589421666,0.5583483261807929,0.43450366816763897,0.37655398962984277,0.31063081798800796,0.29469773079811223,0.4683354527944025,0.4043727287516924,0.3805581017919831,0.3365603095669796,0.647334678609198,0.5308158631985678,0.33087101208859493,0.3278304730610657,0.13500148963582215
Hrafns saga Sveinbjarnarsonar-AM 557 4to,0.5784693813375053,0.2922177373696786,0.18194846824185207,0.19537414906410844,0.21525764437993034,0.21827617099052343,0.22920110334017874,0.3359797971676969,0.20879985719452065,0.3933058676181308,0.287610077516246,0.41040306581958874,0.36171078142411595,0.1929893374013617,0.23050210313601027,0.3141485457355204,0.18438952063920733,0.4607186620324415,0.2245585320165252,0.2245924047077832,0.0,0.4453449064545849,0.3193751008897041,0.297626893940677,0.5680659818420843,0.5056029043668696,0.3993745769609811,0.18740264364649895,0.2271647864208084,0.34633986536156225,0.2875316647676113,0.4854746863221837,0.5743277899228507,0.574448007374448,0.41849705241592083,0.41512548293912266,0.1781142518914116,0.4314729179103236,0.563386494380876,0.3407532737820298,0.3394130538841189,0.34975761356248913,0.45003404701657046,0.5030744908091322,0.2863136058525101,0.48912742977710333,0.4545353572817863,0.3294664392475457,0.3938986918212092,0.5678576070270016,0.3666261735428544,0.4374916371124232,0.6131094776749256,0.6038557765344201,0.5219273365110677,0.4636626134449636,0.37277137002660254,0.33967800511639223,0.4939916288779541,0.4980194926696515,0.4048704543567392,0.3926892844388614,0.718966499663312,0.5532541261129906,0.3544036869779027,0.3805002174363822,0.19221221140090317
Hróa þáttr heimska-AM 557 4to,0.6574813762437166,0.34228231009541077,0.36399131639844073,0.3130659668435868,0.3769953428217766,0.31658960731997265,0.3456603460174369,0.4066421088523072,0.3120581398134923,0.4477125786924677,0.45320117245012037,0.5110599509307377,0.49503108657561845,0.39036127882123606,0.3441773940157865,0.3753382203028064,0.3835395396849649,0.5499255344029155,0.3196146126179512,0.30949102090265723,0.4453449064545849,1.3322676295501878e-15,0.37667672489185144,0.3831012036041549,0.4881513090577123,0.6022760290546672,0.452668469955248,0.36176675455139495,0.40003673770602965,0.4451614978200501,0.4610635077772306,0.6128119702515331,0.6802303831065286,0.6417857297061804,0.5160993562498006,0.5064595071633281,0.3588723878129273,0.42284921662447994,0.6502080242042009,0.467863554793424,0.44975515738407956,0.46801416601824863,0.5804863058411678,0.6481643608906713,0.4146045168306485,0.6266840565677108,0.6217001884156028,0.4428224853342073,0.4524055091395637,0.5580517914249413,0.4719098140947965,0.5922374944509441,0.7275595495865643,0.6609701794861651,0.5613262833342395,0.5154980000813437,0.47190744534991114,0.47408043622182006,0.599210257294718,0.5361362251348128,0.5518685386128961,0.49825313554332595,0.6995104922644768,0.6473362087437837,0.4945467801030873,0.48299832620304173,0.3645341611090729
Karls þáttr vesæla-AM 557 4to,0.5780104042815309,0.2277823517797971,0.24614417395134147,0.20685546453542902,0.25478389760913156,0.20508069269670914,0.23044152604844148,0.29405337473728566,0.19941636881169578,0.3599394576391455,0.34994955425945595,0.43218007999778363,0.4059287623534321,0.26745089824884516,0.21055321377554592,0.2859360688442534,0.25071167519998505,0.43677561717460145,0.22378798362524077,0.20489790306481714,0.3193751008897041,0.37667672489185144,4.773959005888173e-15,0.2994718476218319,0.4067591056240055,0.5166422214840859,0.3530219864824137,0.22670426861061055,0.2697504494706239,0.3327041325463175,0.2988883149557757,0.5136867370394524,0.5818600494019533,0.5881996209502192,0.41380697382442433,0.3861875635491516,0.23736128212294194,0.3314909263302004,0.620166664430064,0.3518976242687325,0.33529879906144044,0.3348067951742376,0.4736284789392774,0.5913309866948033,0.2919108689538543,0.527137740791506,0.5087327054233179,0.3483510669892703,0.3431566707236312,0.4977433928727609,0.33945755870946204,0.4672839165916558,0.6397040596690159,0.5982788500545639,0.4838227659998826,0.4212466897262872,0.36707782082890916,0.3420970846169026,0.504930487028527,0.4837742920164353,0.43087086442985656,0.38268114779254103,0.6631995253254853,0.572232184148507,0.40669842190942584,0.3853581786232241,0.22833906984917685
Rögnvalldr ok Rauð-AM 557 4to,0.5930121110208482,0.2665548642262331,0.22234447232635446,0.1733428643742143,0.26380893031661845,0.19871753613530607,0.21746729959218014,0.34871195538087973,0.1942777595535945,0.38972817701074847,0.32349099013654214,0.409087352172515,0.38519524566472507,0.21758346286662966,0.2269420077312837,0.28448376786981355,0.23624817260609798,0.46064637151361165,0.2120959345057125,0.20860556031430244,0.297626893940677,0.3831012036041549,0.2994718476218319,0.0,0.48060681383940473,0.4929594270950487,0.38762657689950986,0.20476896522804822,0.25471454478695243,0.36336123507748286,0.354557771029841,0.5016365935875351,0.622601150310325,0.5636782969095522,0.4388485569300892,0.43718159308292126,0.2013706553451251,0.3989773921306591,0.597468150853919,0.37834350098969494,0.3709916225662897,0.3471499551876245,0.4834213895482524,0.5305293292270373,0.27041222398386144,0.520652708641588,0.5113521623730918,0.32046392579324356,0.411721514265477,0.5439730188579606,0.3980674426482229,0.47872388463099735,0.6239828345161745,0.5906762484413633,0.48884464295644503,0.42703730964890096,0.356542696873725,0.33327758813883324,0.5143414801403666,0.43839064855651466,0.4662164917354201,0.4214958391227024,0.7037656179830318,0.5915608958404117,0.374945420483485,0.42389343272438496,0.21743834506404125
Stúfs þáttr Kattarsonar-AM 557 4to,0.7373869590475584,0.440467307685776,0.49731182076087155,0.45813735217189766,0.49600187319417344,0.40813824655618813,0.46807460548764035,0.4757138636134868,0.4426234498186403,0.519674175756527,0.5634959386870124,0.6244587899063354,0.6264925497733328,0.4773003120291306,0.4432399035588094,0.4252564849845146,0.5158591518854806,0.5669163506753494,0.42267334753203967,0.4036010080114856,0.5680659818420843,0.4881513090577123,0.4067591056240055,0.48060681383940473,1.5543122344752192e-15,0.6776590128520092,0.5416609986280416,0.4899339164065567,0.5172876381044214,0.5374714859141935,0.5491078675561258,0.7102426229728994,0.7322278048938213,0.7203797159137344,0.6147623964545899,0.5789281184238466,0.5009239863873978,0.5034878708978512,0.7418659893883139,0.585604542852276,0.5619446787837171,0.4915541926101977,0.6803775171883342,0.7367763770975071,0.501338619101125,0.6551571821471147,0.6718444667436354,0.5410454186629856,0.5323488856851841,0.5946418077742865,0.5430263439683376,0.6890975669771906,0.8068556825130189,0.7278833535100739,0.6157391621550186,0.5815579195005921,0.5685012742029956,0.5529408665648663,0.6859157593011,0.6307529971988545,0.6207963036070467,0.5861540126031443,0.7312147607860103,0.6981060877751543,0.6214991850252021,0.5601375558921013,0.45740900717389377
Sveinka þáttr Steinarssonar-AM 557 4to,0.7154066414958231,0.5125933471455089,0.4617524077561965,0.4419377052520326,0.4909473936940668,0.4628975335319615,0.48240722986828133,0.5704246444985663,0.4660303738095235,0.5809747471440614,0.5477613222712252,0.5800801687038405,0.5686987088314124,0.4502630867170685,0.4773302720447602,0.5262929262940947,0.47185177391001343,0.625372816088445,0.4692728702670921,0.47217881939903505,0.5056029043668696,0.6022760290546672,0.5166422214840859,0.4929594270950487,0.6776590128520092,5.551115123125783e-16,0.5746066963581793,0.4397128225651684,0.48461254355474015,0.5720562063523442,0.5512575268976765,0.6551360087740998,0.7535599847887459,0.7043464533359942,0.6194576738603395,0.6515438846764745,0.43651752231126817,0.6064523698147781,0.7299698672071142,0.5837945624248932,0.5752723741144103,0.5541696013159285,0.6286897733668095,0.6415367276844518,0.5117295211886668,0.636363407047199,0.6437470418604935,0.5317869840908364,0.6126905822707363,0.7040456123117578,0.6074612005746445,0.6274767468859175,0.7153350496497655,0.7136216394873665,0.6290725104013359,0.6013595952628618,0.5683911379649709,0.5247546367986734,0.632582298799312,0.6308754798054589,0.6308327223559276,0.615178021870344,0.7965075635109092,0.7436341416690015,0.5720999312658175,0.6258013580548369,0.45986764775992417
Valdimars saga-AM 557 4to,0.5990612742635706,0.2961914701565269,0.3095993655770132,0.284858260508141,0.33097628558286973,0.3121296185519169,0.3040690697598216,0.4006389827675808,0.2887298844686468,0.4282462192946219,0.4178770326592892,0.47249540323297257,0.4757618098004227,0.3378379197300204,0.2675443053305401,0.36794754409629904,0.3099536576495283,0.5167238646958116,0.3070514090957941,0.3156540749647593,0.3993745769609811,0.4526684699552481,0.3530219864824137,0.38762657689950986,0.5416609986280416,0.5746066963581793,3.219646771412954e-15,0.28858342506199997,0.3098349517157979,0.39261373648335673,0.37424138965811604,0.5307994146601578,0.6081222801276197,0.6402566320262155,0.4858582328911766,0.43149240709753633,0.2872322420702691,0.3810755775372173,0.5971783114198959,0.4199353485263506,0.3952576774029011,0.4260651838871723,0.49666891914422806,0.6168320141066999,0.3464495916288116,0.5991924792290393,0.5732522930662745,0.41365180065132723,0.38738589046787764,0.5598538646319642,0.3896971708573784,0.4880652099063183,0.648729191494767,0.6395146243582366,0.5486722742746724,0.4975560707588482,0.43740282415234255,0.40166849967640506,0.5392938529972109,0.558609494591859,0.5066197893686264,0.43846515289543364,0.709829639755861,0.6190023215956886,0.47521143346611194,0.4499046101128853,0.32029638256907733
