,Gunnlaugs saga Ormstungu-AM 557 4to,Breta sǫgur-AM 573 4to,Karls þáttr vesæla-AM 557 4to,Hróa þáttr heimska-AM 557 4to,Old Norwegian Homily Book-AM 619 4to,Theta-fragment of Egils saga-AM 162 A θ fol.,Prosper’s Epigrams-AM 677 4to,Pamphilus saga-DG 4-7,Kormáks saga according to AM 132 fol (Möðruvallabók)-AM 132 fol (120vb.21–129rb.7),Bandamanna saga according to AM 132 fol (Möðruvallabók)-AM 132 fol (114ra.41–120vb.21),The Kringla fragment of Óláfs saga helga-Lbs fragm. 82,A fragment of Landslǫg Magnúss Hákonarsonar-NRA norr fragm 7,Hallfreðr saga vandraskald-AM 557 4to,Sveinka þáttr Steinarssonar-AM 557 4to,Valdimars saga-AM 557 4to,A fragment of Óláfs saga helga hin elzta-NRA norr fragm 52,A fragment of Haralds saga harðráða in Heimskringla-NRA norr fragm 53,A fragment of Fagrskinna-NRA norr fragm 51,A fragment of Maríu saga-NRA norr fragm 78,Hrafns saga Sveinbjarnarsonar-AM 557 4to,A fragment of Brendanuss saga-NRA norr fragm 68,Rögnvalldr ok Rauð-AM 557 4to,Hallfreðar saga according to AM 132 fol (Möðruvallabók)-AM 132 fol (149va.32–156rb.10),Codex Frisianus-AM 45 fol.,Gregory’s Homilies on the Gospels-AM 677 4to,Bǿjarlǫg ok Farmannalǫg Magnúss Hákonarsonar | Magnus Lagabøtes bylov og farmannslov-Holm perg 34 4to,"Ór lǽknisbók The fragment is unnamed, but Konráð Gíslason named his edition of the text
                    Úr læknisbók, which is published in Fire og fyrretyve for en stor deel forhen
                    utrykte prøver af oldnordisk sprog og literatur (1860)-AM 655 XXX 4to",A fragment of Hákonar saga Hákonarsonar-NRA norr fragm 55 B,A fragment of Jóns saga helga-NRA norr fragm 57,A fragment of Páls saga postula-NRA norr fragm 80,Völuspá in Codex Regius-GKS 2365 4to,Landslǫg Magnúss Hákonarsonar | Magnus Lagabøtes landslov-Holm perg 34 4to,Eiríks saga víðförla-AM 557 4to,Droplaugasona saga according to AM 132 fol (Möðruvallabók)-AM 132 fol (141va.3–147vb.4),A fragment of Barlaams saga ok Jósafats-NRA norr fragm 64,A fragment of Agǫtu saga-NRA norr fragm 70,Zeta-fragment of Egils saga-AM 162 A ζ fol.,"A fragment of Gregors saga páfa and 
                            Díalógar-NRA norr fragm 71",A fragment of Flóress saga ok Blankiflúr-NRA norr fragm 65,A fragment of Rimbegla-NRA norr fragm 59,A fragment of Njáls saga-AM 162 B α fol,A fragment of Stjórn-NRA norr fragm 60 C,A fragment of Karlamagnúss saga-NRA norr fragm 61,Finnboga saga according to AM 132 fol (Möðruvallabók)-AM 132 fol (100ra.1–114ra.41),De xii abusivis saeculi-AM 677 4to,Fóstbræðra saga according to AM 132 fol (Möðruvallabók)-AM 132 fol (198rb.8–201vb.41),De virtutibus et vitiis-AM 619 4to,A fragment of Stjórn-NRA norr fragm 60 B,A fragment of Karlamagnúss saga-NRA norr fragm 62,A fragment of Karlamagnúss saga-NRA norr fragm 63,A fragment of Stjórn-NRA norr fragm 60 A,Trójumanna saga-AM 573 4to,Egils saga Skalla-Grímssonar in Wolfenbüttelbók-WolfAug 9 10 4to,Alexanders saga-AM 519 a 4to,A fragment of Konungs skuggsjá-NRA norr fragm 58 B,A fragment of Konungs skuggsjá-AM 1056 IX 4to,Reynistaðarbók-AM 764 4to,A fragment of Konungs skuggsjá-NRA norr fragm 58 C,Dámusta saga-AM 557 4to,A fragment of Konungs skuggsjá-NRA norr fragm 58 A,Two fragments of Njáls saga-AM 162 B θ fol,"De xii abusivis saeculi, Prosper’s Epigrams, Gregory’s Homilies on the Gospels, Gregory’s Dialogues-AM 677 4to",Eiríks saga rauða-AM 557 4to,Stúfs þáttr Kattarsonar-AM 557 4to,A fragment of Konungs skuggsjá-NKS 235 g 4to,Víga-Glúms saga according to AM 132 fol (Möðruvallabók)-AM 132 fol (129rb.8–141va.32),Ölkofra þáttur according to AM 132 fol (Möðruvallabók)-AM 132 fol (147vb.5–149va.31)
Gunnlaugs saga Ormstungu-AM 557 4to,0.0,0.17642165537281496,0.26981704060482536,0.373774824333305,0.32149961129282023,0.3531777349485483,0.4311246806267839,0.3343561576861416,0.19584450019473254,0.21640094087081785,0.3728143212163926,0.40267986274877343,0.3181619885543706,0.5369831887491379,0.38021146456530597,0.28102325732711075,0.5569407733452049,0.5752708802741694,0.39897954445891914,0.2818176389952981,0.4625345378854031,0.26104428929765244,0.30098212097530463,0.21028753039205272,0.41690298689053873,0.36638481370530607,0.49780979200543296,0.5278389096058858,0.3485622824908804,0.4005476501603873,0.6277828813388543,0.33792527897644387,0.44209724091922675,0.19942971311767732,0.4891612641631109,0.6935851094107344,0.3161348055819395,0.6210119704743394,0.46798151581224967,0.49129751006557465,0.41817293133440514,0.5234998557577859,0.4387845903452343,0.3132865414976328,0.6481580303741272,0.23934307490848783,0.3339149929976206,0.6319284654014474,0.3684583770497052,0.33716966873813004,0.700434934644378,0.22927695211896293,0.1744911313611609,0.1951573710868293,0.556948740730148,0.5818894525823162,0.27053621888306634,0.3696876366468984,0.2781767143033075,0.3671384959774756,0.3839114835022407,0.5561783090738555,0.1991652903169695,0.46193079242405255,0.48035917828664776,0.15869504394753642,0.31568191781258836
Breta sǫgur-AM 573 4to,0.17642165537281496,0.0,0.27168337120275254,0.40824269590193163,0.27023699131771717,0.35576004901399483,0.3950185587759629,0.34565790171613875,0.19024768625537192,0.21767632594286412,0.33603440615044744,0.3644569907613089,0.3459650202945629,0.5084446785604166,0.36332964445853944,0.2569116070737416,0.5397412952551905,0.5424310124609218,0.3570156301099007,0.24153472650349483,0.43511198936190876,0.24909915510431602,0.3269339653584521,0.1560336891974814,0.3700398509887737,0.3219955604998198,0.4866780695249734,0.5031464603314912,0.3202235145744703,0.3796011694485856,0.6195361679893123,0.2953371124152203,0.44461337882851515,0.1786619521277859,0.45909001555688345,0.7085427340262594,0.28830463875051093,0.6028629214961873,0.44661266779667186,0.448546930733256,0.4102292223537878,0.4950890899198195,0.42970323030879354,0.29121441576318496,0.628448165264294,0.2072245161340548,0.3034117512579746,0.6404449888662223,0.33130010400582766,0.29968144253982654,0.6716651161824493,0.17199742197991508,0.14144817544525023,0.1394009704058745,0.549788130767431,0.5558369688719478,0.20793881534184266,0.3376493551765136,0.27056416774744596,0.33979755320187033,0.36247518245290455,0.5219860488721955,0.16270533570176726,0.5284573649022468,0.43628824113674747,0.13939944928828474,0.3175159029337383
Karls þáttr vesæla-AM 557 4to,0.26981704060482536,0.27168337120275254,1.1879386363489175e-14,0.43922627109035095,0.3681279661309039,0.41091861632464155,0.4573053582369341,0.3838993975082837,0.28377341053619054,0.2738394093986175,0.4085489214779562,0.43536989915122337,0.4111988403126857,0.5847900948545421,0.431758053351896,0.3587967123466854,0.5973183665605077,0.6553982351044957,0.4788605651654505,0.38178214629030216,0.49622439249383044,0.3519597915279131,0.3940519224723812,0.3121691043385615,0.4533269526680421,0.4090902894541355,0.5756487957114069,0.5718032210040991,0.4295369937632052,0.4437036055124195,0.6938391100977757,0.37763520738492606,0.4957273018167053,0.30701705776210353,0.5591764935511941,0.7080373413460566,0.401588975784559,0.6516778057415882,0.5387933609847407,0.5588759985485542,0.4983664734068469,0.5516897939238408,0.486721597894628,0.3984180250840976,0.6726431775099087,0.31261017421453274,0.3887290713881205,0.6750317818810515,0.43309121717479826,0.41207691513810507,0.7465797591911527,0.32346338730156,0.26259849427847937,0.25199339801477394,0.5757048458334102,0.6282466495547597,0.36554767566412216,0.4004439519924863,0.34831580839249787,0.395912695891801,0.46610357704760386,0.607526115049836,0.29674818879441833,0.45186043753146976,0.5409973463990043,0.2451099213902972,0.36165787181568154
Hróa þáttr heimska-AM 557 4to,0.373774824333305,0.40824269590193163,0.43922627109035095,3.552713678800501e-15,0.5198754885976149,0.5021402301560488,0.568504567782044,0.478016578679888,0.40044702477978267,0.38999258738794285,0.5295702579180115,0.5449202493686622,0.49556315507759685,0.6659853439762166,0.5315427731614758,0.48032363624400143,0.6934597692156961,0.7111596583372837,0.5627801587522197,0.5049056232173208,0.6171916186047803,0.4422378753016726,0.4884835746169206,0.43913681557005646,0.5554882903603667,0.5194858607805406,0.6662245000363771,0.6759936507280851,0.5217575883756655,0.5376784356283266,0.72188569595332,0.48955358355687617,0.6048971544787517,0.4273203304830605,0.6489288175502081,0.7537292211990854,0.5036806448052211,0.7162134501414295,0.5922143312145649,0.65988163121612,0.5780494073659479,0.6247590987244555,0.580243128319057,0.48510554325425614,0.753475579289576,0.434760333193947,0.4990173636486679,0.7329675253504306,0.5340617531586309,0.5336944898587226,0.8105270741955072,0.453519242400771,0.4046851886029197,0.3866300092139672,0.637866733649292,0.7001145294278341,0.47473282049850496,0.5259592712621397,0.44295526554745746,0.5043409669923771,0.5505638703216462,0.6643188651017522,0.43233856507646395,0.5467534423061973,0.6388290266235874,0.3591654967620739,0.4669434723547542
Old Norwegian Homily Book-AM 619 4to,0.32149961129282023,0.27023699131771717,0.3681279661309039,0.5198754885976149,1.8762769116165146e-14,0.45375248865286677,0.3508271879156991,0.388218602437291,0.3257275867872891,0.317980045885473,0.4486282640867256,0.397467911033058,0.4635192420821316,0.6165647192717347,0.4600298958725083,0.37671110159928334,0.6461673886217635,0.6324126748779098,0.4282272514905806,0.36238124288773743,0.4674367961631565,0.41445399093762514,0.45135417329635175,0.3304739761515929,0.3687357433212053,0.37466441831967,0.5064823427878491,0.5790217530509076,0.4399639417146576,0.39409277284749056,0.656728896417631,0.3441476695597734,0.4918948887347858,0.3346355234762113,0.5187552549373053,0.7297894505743694,0.4259370687961349,0.6051542389248821,0.5631240273632698,0.47503782820224316,0.5275844041563571,0.6069177921015674,0.5290891643983084,0.4318502004909526,0.5652601210778532,0.3248240574847747,0.2578284484661665,0.7036669473479459,0.44284007216361365,0.40874492616978764,0.7005476076327618,0.3215984184166977,0.29642763290779917,0.24378659480374743,0.5628536765250749,0.5835801772261175,0.3358636442629769,0.35516117630469124,0.39272363396410737,0.3501885596636529,0.4858821031913976,0.5976645240285752,0.30713615218300727,0.5968638452779143,0.4878277941639033,0.2913888821374878,0.40066386423993594
Theta-fragment of Egils saga-AM 162 A θ fol.,0.3531777349485483,0.35576004901399483,0.41091861632464155,0.5021402301560488,0.45375248865286677,6.8833827526759706e-15,0.48697270066311205,0.4559336631701615,0.37734848562755574,0.317110435649569,0.4552151136656677,0.49981082993101167,0.4781036868194143,0.6448809556574397,0.5017538043062924,0.43753031319421476,0.6402791811551077,0.687398264555972,0.5326190113782245,0.444831167177661,0.5666954209943424,0.4366438082536318,0.47679954062600594,0.3580737791376445,0.50478006227644,0.48064781162181025,0.6206561957968328,0.6236474233980371,0.4963295706492493,0.48276489778743836,0.7027786397957414,0.4478600308830568,0.5849497139437321,0.38083167845608734,0.6145287263049204,0.7474201062154805,0.32218437642280495,0.6669377327592209,0.5699858829285824,0.6122490848367318,0.5505482105003339,0.6085428544816741,0.5564015526154665,0.46774169414545197,0.7088707830281537,0.4048539879574663,0.45612667583865596,0.7322768251367936,0.5131737778208453,0.4968332414077311,0.7865644419531078,0.4048683449257007,0.22976783430977232,0.3269139731711679,0.6065493208542962,0.67241352302455,0.4261881184333304,0.4522762361499739,0.41774177300102733,0.4396524458264398,0.5299888019159061,0.6321445073227303,0.3760889559959112,0.5658527777734141,0.5941948512030646,0.32968796201556094,0.4119312416569936
Prosper’s Epigrams-AM 677 4to,0.4311246806267839,0.3950185587759629,0.4573053582369341,0.568504567782044,0.3508271879156991,0.48697270066311205,8.548717289613705e-15,0.46223663381010394,0.4253673266176562,0.35974352305000346,0.5058874795108489,0.35951374243348844,0.5287581213156591,0.703987609891884,0.5222674141336405,0.44932386539347446,0.7238464833723772,0.7107348206973472,0.5003376045405271,0.48614459077299843,0.5678681608813373,0.49976942564954563,0.5344426568874456,0.42286832457095735,0.33874780495589885,0.38072093300004994,0.548621679719014,0.660911708146348,0.5080024920734205,0.38568733526193943,0.7203995837019248,0.3225062857025408,0.6004237835814035,0.4623388352903657,0.6278328962983875,0.7427577113628684,0.48242587249721114,0.5884605645090848,0.61934811436296,0.5578241441094238,0.6229858712276068,0.6465529928894331,0.6093221152861721,0.505724901153007,0.5650485461817363,0.4307324119418401,0.2582425458414839,0.772433909753838,0.5346612752014328,0.5424475150355822,0.7730252761902523,0.4380746090133929,0.40649157648146395,0.2536652705132013,0.5596683057290661,0.5928034453258446,0.4242777648150755,0.37024343184883024,0.43010944053776046,0.3248847590013719,0.6312505346334698,0.5547707172083373,0.4530889482076549,0.6311803977995287,0.5503048000668066,0.36233510510354106,0.4281956168902964
Pamphilus saga-DG 4-7,0.3343561576861416,0.34565790171613875,0.3838993975082837,0.478016578679888,0.388218602437291,0.4559336631701615,0.46223663381010394,6.217248937900877e-15,0.337188339800898,0.2882074627818092,0.5176178320974543,0.4792325525525142,0.48793162196788387,0.6627900116916348,0.4562283998576653,0.43916716083750607,0.6973416641056169,0.6980664388573716,0.5364494007045645,0.48003156880061215,0.5762862792343346,0.4432593802694148,0.4619873773758991,0.44344764001187487,0.4926900261165633,0.4689604171226164,0.5478522083595658,0.6617104624507522,0.4798461290654359,0.4697561885755549,0.6660275173307499,0.42695608808471175,0.5588774469135758,0.3906066573525053,0.5326705543378798,0.6886905613770988,0.5161291590138664,0.6584979397512076,0.5525028805248886,0.546258217558167,0.5265360808819854,0.6355459165986035,0.5230765718874835,0.46451863708937546,0.649636048793516,0.39698539493150486,0.35915752279985647,0.7225753933323804,0.47292192741151595,0.4594103818806454,0.7440273046694469,0.36263666583878995,0.38064313072810896,0.3072646197144764,0.548558419294336,0.6212324718298814,0.4252819771107116,0.41439827890640013,0.4217823705553999,0.36859258840477716,0.4976942099407231,0.6581992571317714,0.3825757546069083,0.5540267340548202,0.5306358158973585,0.3130459638415979,0.4266038926681631
Kormáks saga according to AM 132 fol (Möðruvallabók)-AM 132 fol (120vb.21–129rb.7),0.19584450019473254,0.19024768625537192,0.28377341053619054,0.40044702477978267,0.32572758678728897,0.37734848562755574,0.4253673266176562,0.337188339800898,1.0658141036401503e-14,0.19761312151023858,0.382980393049385,0.4099853524514049,0.3597488931927121,0.5505726110757765,0.3795722926194609,0.29715197415895744,0.5755320406710001,0.5976262740455118,0.41829054578585545,0.28720520955952544,0.4605053729406863,0.27048272536290185,0.3161898295343669,0.23718584146258848,0.40262613735987207,0.3665699133074134,0.49978341651712055,0.5361924850421049,0.36809046212669827,0.41172579126584563,0.616417339914191,0.34210217269136867,0.48602513230543853,0.1770248722016653,0.5090768126678762,0.7142373781484341,0.31233640573978805,0.6180490347824465,0.48785931879686206,0.5014564335611905,0.42411661106515375,0.5316894575826674,0.4523682555371914,0.30798878207300817,0.64587250514921,0.21620880751817473,0.3512611772166141,0.6603681148110723,0.3777157395115439,0.3576614250959923,0.7196956532947395,0.23847877221517222,0.19025832256156694,0.1945043860102087,0.5724263169373028,0.6007581520723111,0.2847904386746827,0.37633268536128717,0.31966942021431144,0.36998110256822003,0.36447127864758233,0.5570473302758381,0.19340710331098476,0.514249205816411,0.4957778903437149,0.140350711627809,0.31111889035330664
Bandamanna saga according to AM 132 fol (Möðruvallabók)-AM 132 fol (114ra.41–120vb.21),0.21640094087081785,0.21767632594286412,0.2738394093986175,0.38999258738794285,0.317980045885473,0.317110435649569,0.35974352305000346,0.2882074627818092,0.19761312151023858,0.0,0.3844239982129376,0.3739653220142377,0.3741999226379834,0.5717390134926807,0.36677329691519434,0.3036482766480647,0.6048540437183333,0.6224567761055164,0.43064462196319897,0.34090116862478126,0.4922948875093345,0.3081942636745807,0.3386708864652601,0.28416110741774947,0.40118278631308224,0.3549766716066619,0.49381271042641217,0.5601591147481446,0.379424020457126,0.36520106994392565,0.6500438059334781,0.3135383088009651,0.49835793445509835,0.23770125058100366,0.5061817975264395,0.6914819843457499,0.31373821887112097,0.6071555581440884,0.49296692055220304,0.5007332728459071,0.4468995206639418,0.5273098284971329,0.4606447189452647,0.3234433327499273,0.6228657235346262,0.23821175985136844,0.2929350970760296,0.6729887963505606,0.38860982462958893,0.3857916707375362,0.7189910956360972,0.26177815650567204,0.19801651029153577,0.1613761234799852,0.5282784904152102,0.5758940655387148,0.3080055973618562,0.3264570687759947,0.30703978271744925,0.29558130236605995,0.40107382070239483,0.5745433556223872,0.25363231242152606,0.48095200047767606,0.48603922673066957,0.13558540935721575,0.286589533276542
The Kringla fragment of Óláfs saga helga-Lbs fragm. 82,0.3728143212163926,0.33603440615044744,0.4085489214779562,0.5295702579180115,0.4486282640867256,0.4552151136656677,0.5058874795108489,0.5176178320974543,0.382980393049385,0.3844239982129376,0.0,0.4824988033503901,0.48326522847091136,0.6318403052259927,0.5180794461763747,0.4141272556657246,0.5975373419780838,0.6570571963418339,0.5178205128425106,0.42218943997931924,0.5580061144298877,0.41551183062857666,0.47189816697212994,0.3168789174423179,0.5088333831536973,0.46320741953390865,0.6144076161027168,0.5837686227419684,0.4758820394833917,0.5001758008304065,0.7154495853388803,0.43534701507801177,0.5647600845010192,0.38497629697686453,0.6290348276787566,0.7861239185142099,0.41637177587865126,0.6721917136048925,0.5889727666689376,0.6055974307989807,0.5647236192355677,0.5927010564982587,0.5513139509335291,0.4685291603028944,0.7099182038247217,0.39372933361421414,0.4710425124662114,0.7370741848419892,0.5005519352472475,0.4687479068160654,0.779827391265135,0.3918169530243264,0.29421808096782587,0.31676712121555817,0.650268163953782,0.678757086540013,0.4176919370500599,0.4657161154545103,0.40509716182740685,0.4712832350423779,0.532725593232878,0.6365531884002824,0.3707420819177173,0.5572833769073042,0.5981097217303701,0.33988428990416,0.44343534737225676
A fragment of Landslǫg Magnúss Hákonarsonar-NRA norr fragm 7,0.40267986274877343,0.3644569907613089,0.43536989915122337,0.5449202493686622,0.397467911033058,0.49981082993101167,0.35951374243348844,0.4792325525525142,0.4099853524514049,0.3739653220142377,0.4824988033503901,5.551115123125783e-16,0.5096261754010553,0.6706812757384567,0.5106648657172947,0.43628131182578256,0.6895519000966657,0.6764479432442252,0.4929082811048314,0.45053001135287896,0.5427212543684897,0.4703771675488597,0.5096417565472247,0.3949097414538789,0.4464637651948469,0.16853681882555993,0.575755102219448,0.6344965851815432,0.49829671057615654,0.42050351876295355,0.7080532154602015,0.1040436195558544,0.5898836457060803,0.4294754913578678,0.612998799043466,0.7557285642517266,0.4738065547802217,0.6391636354921004,0.5847069774407174,0.5499263011878299,0.5991850289048559,0.6300496055533207,0.5601314334915473,0.49429489519531267,0.6118750688090115,0.4168116390716927,0.3267615412637599,0.7538371272004392,0.4856442409155678,0.49974352793924615,0.7777768024403662,0.4043316177697157,0.37343329986723994,0.2799844154573369,0.6026012529354894,0.5750607239261204,0.42160674334012704,0.393242810306738,0.42394494953792816,0.35179578208084383,0.5531887647621002,0.6340751808866868,0.42406974751130977,0.628370451508901,0.5384840007713648,0.35271257852756377,0.4439582490009162
Hallfreðr saga vandraskald-AM 557 4to,0.3181619885543706,0.3459650202945629,0.4111988403126857,0.49556315507759685,0.4635192420821317,0.4781036868194143,0.5287581213156591,0.48793162196788387,0.3597488931927121,0.3741999226379834,0.48326522847091136,0.5096261754010553,1.9539925233402755e-14,0.6352711628533942,0.5178192552517404,0.43487373375708516,0.6453475156264138,0.6769682395543215,0.5241486150811279,0.4299246145394813,0.5659660891992869,0.4117361297802561,0.09353408837529742,0.37101742318805975,0.518197036064434,0.4790009120966934,0.6196480599095767,0.619397601605026,0.48420764016434426,0.5086827041188127,0.7172569559019508,0.4567543154584086,0.5739818697528242,0.36458322903044094,0.6174988418737639,0.7619158648412261,0.439213449485342,0.6897413516352049,0.568553383662679,0.6191765304434937,0.5473360298236349,0.6019807144967348,0.5581551686283481,0.44851843028647065,0.7308229125864258,0.38719391393919766,0.46740601104259616,0.7227212073798303,0.5026606824252855,0.49013828260850323,0.7843948078076184,0.3915267961900143,0.3331845371915342,0.3440430468904606,0.6339293336312916,0.6796618768268621,0.42330487907834136,0.49141675017133946,0.4229863007260306,0.485389749357656,0.5126649270589186,0.63242786134693,0.3684064303333262,0.5655997151503069,0.5992176102485189,0.32092313322753896,0.4353054267696397
Sveinka þáttr Steinarssonar-AM 557 4to,0.5369831887491379,0.5084446785604166,0.5847900948545421,0.6659853439762166,0.6165647192717347,0.6448809556574397,0.703987609891884,0.6627900116916348,0.5505726110757765,0.5717390134926807,0.6318403052259927,0.6706812757384567,0.6352711628533942,1.5543122344752192e-15,0.6563219759439616,0.5900511359369331,0.7250330179652262,0.7158473678458628,0.6446445906026179,0.5807121674567703,0.6983096678855599,0.5667005845053925,0.6204579390479973,0.5219062498568074,0.664029847848856,0.6478015609087882,0.7208476484159306,0.7072858067101941,0.618263955665902,0.6811644763257272,0.7951254385499391,0.6280493189097422,0.6879609566736309,0.5434697270779384,0.6928918653685148,0.8450777279376658,0.6150431755309631,0.8010152747729363,0.6919917202563379,0.7095603926455758,0.6631171564447439,0.7020574869131828,0.6742184593984965,0.6036545354033458,0.8142433583121741,0.5617876249357681,0.6276118976970171,0.7954826760938949,0.6387478891341323,0.6012006844908617,0.8140144777687902,0.5549871523167762,0.522527717768192,0.536022086773773,0.7688980165820594,0.7605318875852594,0.5607581203404821,0.6657861491727932,0.5972033318189487,0.664385694494301,0.6398628392508496,0.736131612077076,0.5404293569537787,0.7282054964439564,0.6960972537391277,0.5311779187741698,0.6406343986416441
Valdimars saga-AM 557 4to,0.38021146456530597,0.36332964445853944,0.431758053351896,0.5315427731614758,0.4600298958725083,0.5017538043062924,0.5222674141336405,0.4562283998576653,0.3795722926194609,0.36677329691519434,0.5180794461763747,0.5106648657172947,0.5178192552517404,0.6563219759439616,5.10702591327572e-15,0.4380058448760412,0.6746343967403934,0.6931227289657245,0.5587581059990343,0.480543831613671,0.5872677283142507,0.46261264947986225,0.5003549007920506,0.4098411346415519,0.5401944543754156,0.4935594864692071,0.6057898192906089,0.6488266683608899,0.5130588488902719,0.5271343775670929,0.6887925727072044,0.4604503326563776,0.5872600040374352,0.3933067809907477,0.6093406102232946,0.7579579816277123,0.4927339940245442,0.701456876994593,0.6246915766380741,0.5836088858278101,0.555299081562932,0.6293356012252045,0.5823246401283635,0.47892818098092327,0.7044041247315124,0.41056296835001027,0.47208433075612843,0.7275925722560148,0.5178793604517709,0.48719189775567673,0.7637357288227841,0.39192761582989355,0.3852387058441724,0.3383978824823143,0.6494900782497222,0.6677023472900239,0.43193491198544187,0.472269332038575,0.44619073403860743,0.46398729004027783,0.5502059132998114,0.6719083827688831,0.3821708759250283,0.5992727228461316,0.5821860214731246,0.36143718451395535,0.48483084823158185
A fragment of Óláfs saga helga hin elzta-NRA norr fragm 52,0.28102325732711075,0.2569116070737416,0.3587967123466854,0.48032363624400143,0.37671110159928334,0.43753031319421476,0.44932386539347446,0.43916716083750607,0.29715197415895744,0.3036482766480647,0.4141272556657246,0.43628131182578256,0.43487373375708516,0.5900511359369331,0.4380058448760412,1.4432899320127035e-15,0.6073399826586772,0.6109782273042533,0.4538403352064264,0.36264537814669184,0.5179521643022196,0.33884892335672545,0.41408059552358845,0.2848882315197573,0.4557237784938871,0.41104508373863635,0.5224877074573975,0.5788018338865937,0.42096622583808774,0.4522874540629588,0.6764615402923044,0.38329664930420904,0.5064781281864956,0.30826778719857617,0.5633877876455806,0.7527676777349586,0.38270233310419544,0.629578512700959,0.542913557098337,0.5271008828120202,0.503906744286077,0.5770755196923791,0.5063039123741402,0.39504962152295187,0.6382319555675687,0.3299175416774264,0.39271990179876637,0.6875890112206982,0.43593703814703755,0.40180092066178696,0.7250408565027925,0.2958602588347665,0.26307671791684695,0.2465868608080688,0.6216234114129264,0.617903303115642,0.34616893878290167,0.4139684430428251,0.3600704300207166,0.4277780095231575,0.45453630444342485,0.5973988775675523,0.30212758162662967,0.5560277667002015,0.5229094110198642,0.26506102773561435,0.41767707654616937
A fragment of Haralds saga harðráða in Heimskringla-NRA norr fragm 53,0.5569407733452049,0.5397412952551905,0.5973183665605077,0.6934597692156961,0.6461673886217635,0.6402791811551077,0.7238464833723772,0.6973416641056169,0.5755320406710001,0.6048540437183333,0.5975373419780838,0.6895519000966657,0.6453475156264138,0.7250330179652262,0.6746343967403934,0.6073399826586772,1.2212453270876722e-15,0.7396045554961264,0.6771392018465467,0.5790630208107548,0.7098144837875658,0.5981935551863249,0.6353757607204424,0.4723870051879584,0.6981385783020366,0.6700125984430796,0.7358134007804842,0.703196217972655,0.6445297722529009,0.6838695939029422,0.8111357525326032,0.6542817318799905,0.706453739065551,0.5494042522792781,0.7459365124168628,0.861365791172524,0.5941245314319111,0.7921601004100435,0.7284374112187475,0.7470224415217773,0.6746924195319309,0.7273012082989416,0.7043257846720008,0.6309609059771822,0.8338602127074384,0.5774282286802963,0.6905059270694687,0.8037137007774259,0.6730513167265011,0.6382403381961048,0.8484549869557633,0.5736137558138416,0.5137730793210036,0.5631647802871073,0.7893596308554156,0.8021897215880971,0.5927345963322148,0.6781887667226634,0.5989699637253243,0.6950358761414035,0.6647975004268687,0.7609796587097213,0.5449282748597182,0.7139898220376144,0.7334319218061478,0.5491062643013467,0.6250178417452088
A fragment of Fagrskinna-NRA norr fragm 51,0.5752708802741694,0.5424310124609218,0.6553982351044957,0.7111596583372837,0.6324126748779098,0.687398264555972,0.7107348206973472,0.6980664388573716,0.5976262740455118,0.6224567761055164,0.6570571963418339,0.6764479432442252,0.6769682395543215,0.7158473678458628,0.6931227289657245,0.6109782273042533,0.7396045554961264,0.0,0.6592112357289257,0.5824710699438254,0.7237479830743406,0.6078425429275358,0.6613962941566252,0.5363834987581864,0.6922240340503055,0.657417750965591,0.7368222809322704,0.7288827903046586,0.6416461078971929,0.6856587857264682,0.7961732297091224,0.6380365695292536,0.7025655239621579,0.5828547139128353,0.7166358794201282,0.866263259561473,0.6380382273863255,0.7942009108465441,0.7202838976278252,0.7082127721620699,0.6959571138028005,0.7442170403047346,0.7145006759400407,0.6454508368554461,0.7989281770780916,0.6043032647658019,0.6341828926245545,0.808284473579353,0.6575045890116538,0.629066745487109,0.8156710589431899,0.5764368668664887,0.5607069343489777,0.572768865831794,0.7953110306990141,0.7647646894368519,0.5799977796406721,0.6801041729344207,0.6214721592681605,0.6937299103088255,0.6678196069876807,0.7674665363021809,0.573052926855975,0.7837574670157592,0.7072367844568198,0.574233973994968,0.6837485391321876
A fragment of Maríu saga-NRA norr fragm 78,0.39897954445891914,0.3570156301099007,0.4788605651654505,0.5627801587522197,0.4282272514905806,0.5326190113782245,0.5003376045405271,0.5364494007045645,0.41829054578585545,0.43064462196319897,0.5178205128425106,0.4929082811048314,0.5241486150811279,0.6446445906026179,0.5587581059990343,0.4538403352064264,0.6771392018465467,0.6592112357289257,0.0,0.4359285911707418,0.5832873587425951,0.44958008625333934,0.5113297019882397,0.3884985550121084,0.510383378500937,0.47981666989822025,0.6202206850526781,0.6375637228344283,0.4930976920113601,0.5023986064121154,0.7321656135293577,0.4468296802199634,0.593886002797387,0.41430544034532124,0.6202707623671366,0.7821543913537509,0.4790095203564727,0.6755217271159357,0.5855512006121631,0.5868137601505818,0.5797335958451519,0.6328210895656569,0.581625888934213,0.4827091782649965,0.6808645419562043,0.4265376269960359,0.43872701955281024,0.7418734205382667,0.5149728483786837,0.502621364994907,0.7601784161323669,0.40903396990924645,0.37932029315389326,0.35605886860942404,0.6540005823545756,0.6598638976954659,0.4142833832007964,0.50358292655561,0.45801664563920874,0.4950435320579565,0.5491947612243316,0.6391594169317893,0.40805305270510606,0.6714672051332911,0.5813104897180019,0.3713215660666983,0.4925281370392227
Hrafns saga Sveinbjarnarsonar-AM 557 4to,0.2818176389952981,0.24153472650349483,0.38178214629030216,0.5049056232173208,0.36238124288773743,0.444831167177661,0.48614459077299843,0.48003156880061215,0.28720520955952544,0.34090116862478126,0.42218943997931924,0.45053001135287896,0.4299246145394813,0.5807121674567703,0.480543831613671,0.36264537814669184,0.5790630208107548,0.5824710699438254,0.4359285911707418,0.0,0.4845957634869076,0.3583853014862939,0.41109093072887093,0.24775489008833218,0.46182838414567595,0.4080565223854383,0.5513390277271111,0.52395965230989,0.4101477990589486,0.4429879799462856,0.650161676209153,0.38933458582431546,0.5208439115307307,0.25136916569143,0.5560018929941455,0.7707529284386405,0.3446508047487037,0.6360517575607005,0.5524380448303132,0.5366257794814843,0.48913796383356023,0.5812623667160508,0.5353258563349459,0.3919895558849098,0.6705075935869446,0.28275933529330444,0.4059871033945036,0.6956424106206227,0.4437475932173538,0.4133554548957227,0.730689805175829,0.2905943535228578,0.2360052668497007,0.27834759455593716,0.6392539664383227,0.6328663205742346,0.32117479908973423,0.42670788971498785,0.3819350391996178,0.44788956562237203,0.4298420369592765,0.597279460221943,0.23967446815731497,0.6156895706300098,0.5255013829395245,0.25710193459976105,0.39894533358009066
A fragment of Brendanuss saga-NRA norr fragm 68,0.4625345378854031,0.43511198936190876,0.49622439249383044,0.6171916186047803,0.4674367961631565,0.5666954209943424,0.5678681608813373,0.5762862792343346,0.4605053729406863,0.4922948875093345,0.5580061144298877,0.5427212543684897,0.5659660891992869,0.6983096678855599,0.5872677283142507,0.5179521643022196,0.7098144837875658,0.7237479830743406,0.5832873587425951,0.4845957634869076,1.2212453270876722e-15,0.5324271869965636,0.5535176749847464,0.4693352656156121,0.5408566552712402,0.5073894267905711,0.6520569726537908,0.6797747144333546,0.574342567570777,0.5710792389544468,0.732500852190229,0.49672823398004784,0.61342872060126,0.45141762260974017,0.633677318190091,0.7857606306482667,0.5118758742062741,0.7054099522009474,0.6182912023589933,0.6303375878164593,0.636836849093992,0.6904063470088517,0.6151038071903285,0.552934557115919,0.7202379962814873,0.47072773165130766,0.5144086186058386,0.7415492553351581,0.5469749947425618,0.5318049165013871,0.8000564683696683,0.4663678463052433,0.41888051754879496,0.4585820609453686,0.6789793969343235,0.7254411475885373,0.5026771876363538,0.5405820303276888,0.5376820859170734,0.5433712844966363,0.5541036423998156,0.6622653430678481,0.44672007678738446,0.665963729622318,0.6285899292493505,0.442932373681464,0.5165977036745163
Rögnvalldr ok Rauð-AM 557 4to,0.26104428929765244,0.24909915510431602,0.3519597915279131,0.4422378753016726,0.41445399093762514,0.4366438082536318,0.49976942564954563,0.4432593802694148,0.27048272536290185,0.3081942636745807,0.41551183062857666,0.4703771675488597,0.4117361297802561,0.5667005845053925,0.46261264947986225,0.33884892335672545,0.5981935551863249,0.6078425429275358,0.44958008625333934,0.3583853014862939,0.5324271869965636,0.0,0.38836129093003546,0.2626815058190213,0.4737218057395176,0.4315368241328309,0.560408926299039,0.5744887176913203,0.4039653818039671,0.4761771937834567,0.6755361581419467,0.40883492285582756,0.5159392575696533,0.2803756698969383,0.5652814996627891,0.7543130262076579,0.3758268338997244,0.6631923894062524,0.49499866773140244,0.5633280691634516,0.4793845185265535,0.5541362517784244,0.4952603538935426,0.36928569178567483,0.7048131553555961,0.31843725473311824,0.4148007956436325,0.6806947300484468,0.4240852930355751,0.40150654145813636,0.7327001512019493,0.305842188743763,0.25102283762779254,0.2651153285390112,0.618677310164232,0.6400095751769945,0.33159240561583414,0.4508770005383418,0.346605387933027,0.45915353070727605,0.44156402191337096,0.5819272043816089,0.2827584958455016,0.5302941051238577,0.5478998404546491,0.23621605161360182,0.4058994474190407
Hallfreðar saga according to AM 132 fol (Möðruvallabók)-AM 132 fol (149va.32–156rb.10),0.30098212097530463,0.3269339653584521,0.3940519224723812,0.4884835746169206,0.45135417329635175,0.47679954062600594,0.5344426568874456,0.4619873773758991,0.31618982953436703,0.3386708864652601,0.47189816697212994,0.5096417565472247,0.09353408837529709,0.6204579390479973,0.5003549007920506,0.41408059552358845,0.6353757607204424,0.6613962941566252,0.5113297019882397,0.41109093072887093,0.5535176749847464,0.38836129093003546,2.631228568361621e-14,0.3564875761325984,0.5125223109639783,0.4765107178408087,0.6043813548728767,0.6117493898066912,0.4716428526824996,0.507964342959036,0.6990604271281663,0.45567187130020026,0.5603366317893241,0.32834772778342713,0.5976575627869798,0.7574486696539429,0.4255201541731589,0.6894868267060251,0.5560998390056868,0.6032688125411612,0.5282051342710355,0.5972721032550714,0.5297755463228373,0.42385902836166933,0.7228131137962491,0.35664469443653657,0.4623041813127582,0.7088117466968119,0.47971490893772095,0.46119140649074863,0.7673284152898237,0.36870099097662934,0.3186319901481087,0.3331562162002688,0.6329722238583595,0.6737058060493151,0.40862598466196187,0.49184700151928273,0.4185550884225905,0.4858227920363727,0.47057915480800494,0.62661429205741,0.34570293697259913,0.5549138667977913,0.5891815583775813,0.2855685826033604,0.421868473782388
Codex Frisianus-AM 45 fol.,0.21028753039205272,0.1560336891974814,0.3121691043385615,0.43913681557005646,0.3304739761515929,0.3580737791376445,0.42286832457095735,0.44344764001187487,0.23718584146258848,0.28416110741774947,0.3168789174423179,0.3949097414538789,0.37101742318805975,0.5219062498568074,0.4098411346415519,0.2848882315197573,0.4723870051879584,0.5363834987581864,0.3884985550121084,0.24775489008833218,0.4693352656156121,0.2626815058190213,0.3564875761325983,0.0,0.40526675107518895,0.35452666519337483,0.5145864793228044,0.4844402423948574,0.3438093476941213,0.39751400282016147,0.6409939308954777,0.3251136214385161,0.46370212499116337,0.19901563516785326,0.5315362487226264,0.7383187777890259,0.26865879920823343,0.602436996993422,0.48172555602433387,0.4993777230963786,0.4414353278282529,0.5080817301265428,0.46834922118554445,0.3328814779028424,0.6511068125809737,0.24647279210546258,0.3623748698056718,0.6576352778188461,0.37384310814596144,0.333715728808022,0.7070624493979218,0.22927444588790147,0.13561723044729046,0.179148684953932,0.5936262029863943,0.5906342181856435,0.2259932522091852,0.37693121076482217,0.27251754655309646,0.39436087771595396,0.408675899061436,0.5392294792708977,0.19388320297601758,0.5192042483528805,0.4891517214224589,0.19128131962751238,0.3433881866041786
Gregory’s Homilies on the Gospels-AM 677 4to,0.41690298689053873,0.3700398509887737,0.4533269526680421,0.5554882903603667,0.3687357433212053,0.50478006227644,0.33874780495589885,0.4926900261165633,0.40262613735987207,0.40118278631308224,0.5088333831536973,0.4464637651948469,0.518197036064434,0.664029847848856,0.5401944543754156,0.4557237784938871,0.6981385783020366,0.6922240340503055,0.510383378500937,0.46182838414567595,0.5408566552712402,0.4737218057395176,0.5125223109639783,0.40526675107518895,5.728750807065808e-14,0.42594668574942784,0.5923102405915492,0.6534808302646584,0.5116128124491732,0.466746804202788,0.7042128619645283,0.3965610972047561,0.5867164011296441,0.4173425251972184,0.6064839641659023,0.7675201388294636,0.46925821682947555,0.6354738873364618,0.5835169794430204,0.5703218837002932,0.5946762124435594,0.6379234287872284,0.5826306065534042,0.492209622484744,0.6222567281945417,0.40656055238369104,0.342581646678072,0.7440880447674243,0.5022427484649605,0.5096394253737929,0.7662398212803052,0.4232396410975875,0.3831390163081676,0.318818292123754,0.5976801818978648,0.6574474674060595,0.41572681497983943,0.45353641865365857,0.44837462318584065,0.43134036698778344,0.5605548107170777,0.14168015595529404,0.41480414738840776,0.6435005160923115,0.5807892209454281,0.35431962276216467,0.45609377522798833
Bǿjarlǫg ok Farmannalǫg Magnúss Hákonarsonar | Magnus Lagabøtes bylov og farmannslov-Holm perg 34 4to,0.36638481370530607,0.3219955604998198,0.4090902894541355,0.5194858607805406,0.37466441831967,0.48064781162181025,0.38072093300004994,0.4689604171226164,0.3665699133074134,0.3549766716066619,0.46320741953390865,0.16853681882555993,0.4790009120966934,0.6478015609087882,0.4935594864692071,0.41104508373863635,0.6700125984430796,0.657417750965591,0.47981666989822025,0.4080565223854383,0.5073894267905711,0.4315368241328309,0.4765107178408087,0.35452666519337483,0.42594668574942784,1.0325074129013956e-14,0.5448615589214233,0.6077728020703467,0.47344855953046483,0.4239656894450333,0.6738830425622618,0.07799790294326614,0.5643693463387864,0.3789004764251128,0.5726066242717098,0.7577233554260141,0.43913191296341214,0.6392105897899129,0.5396779834532313,0.5206732141562307,0.5652145219114664,0.6189641929127574,0.5373371575178292,0.4600279942678718,0.6237775187163961,0.37851333548967203,0.3305121210111296,0.7240526563398522,0.44227850838842675,0.4568100940820895,0.7601460711331285,0.3673432222666374,0.328598560631601,0.2729774640066809,0.6037924828064043,0.5605582297150122,0.3898727726716644,0.3772589558324593,0.41128394148390635,0.34894574786347177,0.5001369754281064,0.6074415378327908,0.3713668851008256,0.629231466551958,0.5090106244282977,0.31345104771094023,0.4238730934431615
"Ór lǽknisbók The fragment is unnamed, but Konráð Gíslason named his edition of the text
                    Úr læknisbók, which is published in Fire og fyrretyve for en stor deel forhen
                    utrykte prøver af oldnordisk sprog og literatur (1860)-AM 655 XXX 4to",0.49780979200543296,0.4866780695249734,0.5756487957114069,0.6662245000363771,0.5064823427878491,0.6206561957968328,0.548621679719014,0.5478522083595658,0.49978341651712055,0.49381271042641217,0.6144076161027168,0.575755102219448,0.6196480599095767,0.7208476484159306,0.6057898192906089,0.5224877074573975,0.7358134007804842,0.7368222809322704,0.6202206850526781,0.5513390277271111,0.6520569726537908,0.560408926299039,0.6043813548728767,0.5145864793228044,0.5923102405915492,0.5448615589214233,1.5543122344752192e-15,0.6828912568145862,0.5941746504376632,0.6061368195077963,0.7337666238451732,0.5292155142688597,0.6496115280140222,0.5094671883629551,0.6351630541475071,0.8335799324442784,0.6086329426957569,0.7366152382144342,0.6674490359115736,0.5623483255718356,0.6274984343996652,0.7488950305871809,0.6492229592975137,0.582621788250453,0.7252906044094155,0.5406625911610308,0.5263958749515083,0.7768904499296878,0.5994529927130917,0.5534679576690407,0.7588064046984925,0.5144580127671916,0.5026296251670048,0.4697854357257881,0.7445998590809007,0.6893316319572536,0.5411556652731231,0.5250701201425759,0.5819288923497161,0.5412283361590726,0.6267261728656153,0.717640515885124,0.5055276232133054,0.7524833444329925,0.5904054181295781,0.49099655469447123,0.5889156633087356
