,A fragment of Konungs skuggsjá-AM 1056 IX 4to,Bandamanna saga according to AM 132 fol (Möðruvallabók)-AM 132 fol (114ra.41–120vb.21),Droplaugasona saga according to AM 132 fol (Möðruvallabók)-AM 132 fol (141va.3–147vb.4),Finnboga saga according to AM 132 fol (Möðruvallabók)-AM 132 fol (100ra.1–114ra.41),Fóstbræðra saga according to AM 132 fol (Möðruvallabók)-AM 132 fol (198rb.8–201vb.41),Hallfreðar saga according to AM 132 fol (Möðruvallabók)-AM 132 fol (149va.32–156rb.10),Kormáks saga according to AM 132 fol (Möðruvallabók)-AM 132 fol (120vb.21–129rb.7),Ölkofra þáttur according to AM 132 fol (Möðruvallabók)-AM 132 fol (147vb.5–149va.31),Víga-Glúms saga according to AM 132 fol (Möðruvallabók)-AM 132 fol (129rb.8–141va.32),Theta-fragment of Egils saga-AM 162 A θ fol.,Zeta-fragment of Egils saga-AM 162 A ζ fol.,Konungs skuggsjá-AM 243 bα fol,Codex Runicus-AM 28 8vo,Codex Frisianus-AM 45 fol.,Alexanders saga-AM 519 a 4to,Dámusta saga-AM 557 4to,Eiríks saga rauða-AM 557 4to,Eiríks saga víðförla-AM 557 4to,Gunnlaugs saga Ormstungu-AM 557 4to,Hallfreðr saga vandraskald-AM 557 4to,Hrafns saga Sveinbjarnarsonar-AM 557 4to,Hróa þáttr heimska-AM 557 4to,Karls þáttr vesæla-AM 557 4to,Rögnvalldr ok Rauð-AM 557 4to,Stúfs þáttr Kattarsonar-AM 557 4to,Sveinka þáttr Steinarssonar-AM 557 4to,Valdimars saga-AM 557 4to,Breta sǫgur-AM 573 4to,Trójumanna saga-AM 573 4to,De virtutibus et vitiis-AM 619 4to,Old Norwegian Homily Book-AM 619 4to,"Ór lǽknisbók The fragment is unnamed, but Konráð Gíslason named his edition of the text
                    Úr læknisbók, which is published in Fire og fyrretyve for en stor deel forhen
                    utrykte prøver af oldnordisk sprog og literatur (1860)-AM 655 XXX 4to",De xii abusivis saeculi-AM 677 4to,"De xii abusivis saeculi, Prosper’s Epigrams, Gregory’s Homilies on the Gospels, Gregory’s Dialogues-AM 677 4to",Gregory’s Homilies on the Gospels-AM 677 4to,Prosper’s Epigrams-AM 677 4to,Reynistaðarbók-AM 764 4to,Pamphilus saga-DG 4-7,Strengleikar-DG 4–7,Óláfs saga ins helga (legendary version)-DG 8 II,Völuspá in Codex Regius-GKS 2365 4to,Legenden om Barlaam och Josaphat-Holm A 49,"Various texts, including Eufemiavisorna-Holm D 4",Thómass saga erkibiskups-Holm perg 17 4to,Bǿjarlǫg ok Farmannalǫg Magnúss Hákonarsonar | Magnus Lagabøtes bylov og farmannslov-Holm perg 34 4to,Landslǫg Magnúss Hákonarsonar | Magnus Lagabøtes landslov-Holm perg 34 4to,Þiðriks saga af Bern (medieval text)-Holm perg 4 fol,Barlaams ok Josaphats saga-Holm perg 6 fol,The Kringla fragment of Óláfs saga helga-Lbs fragm. 82,A fragment of Konungs skuggsjá-NKS 235 g 4to,A fragment of Fagrskinna-NRA norr fragm 51,A fragment of Óláfs saga helga hin elzta-NRA norr fragm 52,A fragment of Haralds saga harðráða in Heimskringla-NRA norr fragm 53,A fragment of Hákonar saga Hákonarsonar-NRA norr fragm 55 B,A fragment of Jóns saga helga-NRA norr fragm 57,A fragment of Konungs skuggsjá-NRA norr fragm 58 B,A fragment of Konungs skuggsjá-NRA norr fragm 58 C,A fragment of Rimbegla-NRA norr fragm 59,A fragment of Stjórn-NRA norr fragm 60 A,A fragment of Stjórn-NRA norr fragm 60 B,A fragment of Stjórn-NRA norr fragm 60 C,A fragment of Karlamagnúss saga-NRA norr fragm 61,A fragment of Karlamagnúss saga-NRA norr fragm 62,A fragment of Karlamagnúss saga-NRA norr fragm 63,A fragment of Barlaams saga ok Jósafats-NRA norr fragm 64,A fragment of Flóress saga ok Blankiflúr-NRA norr fragm 65,A fragment of Thómass saga erkibyskups-NRA norr fragm 66,A fragment of Brendanuss saga-NRA norr fragm 68,A fragment of Agǫtu saga-NRA norr fragm 70,"A fragment of Gregors saga páfa and 
                            Díalógar-NRA norr fragm 71",A fragment of Maríu saga-NRA norr fragm 78,A fragment of Páls saga postula-NRA norr fragm 80,Virgin Mary’s complaint-SKB A 120,Egils saga Skalla-Grímssonar in Wolfenbüttelbók-WolfAug 9 10 4to
A fragment of Konungs skuggsjá-AM 1056 IX 4to,0.0,0.5343767234191232,0.5343668614042556,0.4953314006668966,0.5215966921155426,0.5271826500209271,0.540495793297803,0.5718238944180888,0.5054815680163012,0.6035359734178232,0.5601586116324689,0.6822605284005181,0.9271915632314399,0.5018298722939447,0.49219028374123774,0.5547977975080585,0.5083350921395684,0.6241937684116581,0.5236351091652649,0.5206719652033023,0.512613000315097,0.6334414521540217,0.5614679978874724,0.5724208697122601,0.7085158273636596,0.6861578197041226,0.6166410037040002,0.48959390467231145,0.5318829052547553,0.5094136394813004,0.5271617011834218,0.6347087171990093,0.7009612003856438,0.5165857738898474,0.5322634892883303,0.5375965565830962,0.4980130261797191,0.6197553326030538,0.5470784377686017,0.512759228072021,0.766387151034239,0.90855680192832,0.9496440289007402,0.5513682072324502,0.49785311102224195,0.47599539936744306,0.5464979894436935,0.47466532609311385,0.6507021322476727,0.5911148887703412,0.6810266698831402,0.5458165292167787,0.6679126095343608,0.6365054059124253,0.5745141568681018,0.6907935197146688,0.5373122280465592,1.0,0.7697390857922916,0.7931468114497827,0.7092428038236895,0.676797059335693,0.5798589631348956,0.5589803770668285,0.6566991251767259,0.6867095035145747,1.0,0.6312286927416415,0.7747089216930378,0.6910165324489574,0.8040325325476413,0.5615719576124729,0.938651012053434,0.5115628355315858
Bandamanna saga according to AM 132 fol (Möðruvallabók)-AM 132 fol (114ra.41–120vb.21),0.5343767234191232,2.886579864025407e-15,0.1744852862751154,0.1172620979766108,0.168279070584045,0.13154312464336737,0.17475586582289815,0.1993020363026664,0.09414940382834391,0.23586474484978004,0.2152652188056412,0.5217653872149871,0.899194726238047,0.22824564018303006,0.18494400872609418,0.2413461379455215,0.18313831239084633,0.36363834597678246,0.1550075344916534,0.1368746724986183,0.24387500988465982,0.2943432262282417,0.20832247700615336,0.24532573686797354,0.40865183716363407,0.5034932120391935,0.3111203744678265,0.18591530279197854,0.22609158854539957,0.26438059043284734,0.3095291522083832,0.4622505465390442,0.5542545775428667,0.2169551039846077,0.25639931020207096,0.3224323511377787,0.21742917979147003,0.26485187141913835,0.276133015033463,0.2131353941404942,0.6146077124182597,0.8772939939614174,0.9274517857151667,0.3244953419281942,0.3107843760860778,0.273055397454639,0.252620496226986,0.2073798839797779,0.41521401808777536,0.4252205376222916,0.528276649723763,0.2637033400465806,0.4461144121747086,0.458021560455389,0.341659210706424,0.4585308454976742,0.27268137557652883,0.9758118255683811,0.7049103019644511,0.625394849779606,0.4892477099866539,0.40739329154101867,0.3247381448479074,0.3291519697718507,0.47061582066240926,0.4356615703750809,1.0,0.40099822194723145,0.5864614309979586,0.5052606393610007,0.7115396894540593,0.28198138169647946,0.9177862136545814,0.14678976973747604
Droplaugasona saga according to AM 132 fol (Möðruvallabók)-AM 132 fol (141va.3–147vb.4),0.5343668614042556,0.1744852862751154,0.0,0.1154521700363923,0.14743826294757745,0.14127856964598118,0.1345095903295047,0.24202119168451597,0.11579135167868604,0.3130155118663136,0.21926128072040618,0.5362434302254062,0.8889426994446433,0.17107336881792445,0.20017212248131688,0.2681237559325166,0.13898112514005412,0.3650161466728945,0.16685445523594356,0.15381411873774598,0.19424237668598754,0.3423968116672227,0.25154845901291545,0.23475851383580404,0.4858210844818017,0.50134457232296,0.3172961289495234,0.16116033012908504,0.20135915959629125,0.28645084927104747,0.2982279066709136,0.40862072639983493,0.5718292468466768,0.19807596888668388,0.2483006901251832,0.3459477736740951,0.17146082480141267,0.3536098856463118,0.23536378668382174,0.20662018825997652,0.5852932785656675,0.8587772728576674,0.9180991393662894,0.32375190838375045,0.2831140226794945,0.2563506480720884,0.2544239863141057,0.20379795763804642,0.42111850409345664,0.4075909248378037,0.47597757274086583,0.2536464054785228,0.44009333480172175,0.43763597590462056,0.3323024908265996,0.4969471304655201,0.28563752671841336,0.9565445182275154,0.6991516514017981,0.6163243435050016,0.47245577841317465,0.41404135230830197,0.32718303090503476,0.2994022527932738,0.4735738672908629,0.4325923598705319,1.0,0.3578222150788132,0.627813217149171,0.5074943539421441,0.7130829799916794,0.3173008067619508,0.9080594568520983,0.1530508436246888
Finnboga saga according to AM 132 fol (Möðruvallabók)-AM 132 fol (100ra.1–114ra.41),0.4953314006668966,0.1172620979766108,0.1154521700363923,0.0,0.1217219172111148,0.08650217198284227,0.10916221376709745,0.19795307431454467,0.06324341387424892,0.27964931007358207,0.18808219145097704,0.4973134148114201,0.8896846600530738,0.13951061545396226,0.13029170396261391,0.20291143834030967,0.11810830755390833,0.3383676427763366,0.11615072290923067,0.09142496368722575,0.1780320939435307,0.2907083790201709,0.2048423670616798,0.17258616606115318,0.4393245366270322,0.4595855595899283,0.2942305763218732,0.10574263030316389,0.16134872201446115,0.2372357158705647,0.26841054166931655,0.40713284734392985,0.5568755262734895,0.1497067933332169,0.21031884754693453,0.2949881404079381,0.12864550769764382,0.3181063270619904,0.17735492192771707,0.14734823985237977,0.596149404882605,0.8616977904053044,0.9206765387708788,0.24335369421019082,0.24803750037951955,0.21430187592664263,0.1978043652149596,0.140961867235321,0.3785769314017394,0.3770798682044242,0.4525772763181771,0.20820635081695904,0.4010855778341972,0.4176749854949334,0.284087777913123,0.4557910730954047,0.251678783537593,0.9782418070616028,0.6775791430170073,0.603238051329283,0.44540881942100496,0.37398087154874804,0.27113666444739337,0.2681397130553308,0.452114470720111,0.37846742625099994,1.0,0.34905496016441717,0.5930183231567199,0.46793569285874537,0.6957445322131428,0.2691271916974768,0.9086137232191145,0.11732184588485606
Fóstbræðra saga according to AM 132 fol (Möðruvallabók)-AM 132 fol (198rb.8–201vb.41),0.5215966921155426,0.168279070584045,0.14743826294757745,0.1217219172111148,2.1094237467877974e-15,0.158076194527903,0.16494747434933243,0.24210358571207002,0.13244715532782525,0.3128246817958704,0.23107117000674515,0.5177855174843676,0.900338191252593,0.1883766667769352,0.1755905105471982,0.2544093533169116,0.14402148313428798,0.34778820631024887,0.1868129433242508,0.15851396920593908,0.19747502351237622,0.3480204473034392,0.24328496905451547,0.25636998094939467,0.483478558321519,0.5035653694367016,0.3270236761638071,0.16912857523786962,0.22359113159959454,0.2563893870098596,0.2672056121084595,0.4040013540452476,0.5510918096844986,0.19882329553716938,0.22082790486429338,0.29701822286242807,0.18511326941826678,0.3619348247729508,0.2521316712658731,0.20645527643238948,0.5972999838866269,0.8759410673529959,0.9273568610633475,0.3028351734238903,0.27037571061457577,0.232636012535817,0.2666054644837811,0.20645808432502988,0.4309722370884572,0.38450081183303464,0.48531798359768386,0.2559486238522587,0.43454623102902556,0.429900108827617,0.34751649264583917,0.4893528338894013,0.2435959717921039,0.9760654408579615,0.7053780888801315,0.6432470487392297,0.4936297170319339,0.43588712473914726,0.3266666227389693,0.3134950495306008,0.47676212109327476,0.47995643334808424,1.0,0.3525856354339604,0.6233793355967938,0.47451519816784105,0.6815314351457382,0.27094416051476844,0.9183761027141096,0.16408995869990972
Hallfreðar saga according to AM 132 fol (Möðruvallabók)-AM 132 fol (149va.32–156rb.10),0.5271826500209271,0.13154312464336737,0.14127856964598118,0.08650217198284227,0.158076194527903,4.440892098500626e-15,0.1298762512875542,0.21195758450196778,0.08648725098049859,0.2830257952532578,0.22255810322027525,0.5192782987172496,0.8936068539098067,0.16558530491222778,0.1662462958010693,0.21259678944166738,0.15408383162681283,0.3382304563562545,0.11716278269981117,0.08319557633115682,0.21123673909676388,0.278525280386572,0.19209504333227367,0.18580909729315098,0.37843354900985793,0.47062546076349354,0.30371013862806706,0.14967663476453186,0.1897566607407668,0.2694924528786601,0.2998757169096308,0.43542678387232026,0.5641557159770112,0.18605332038564415,0.24514598346258754,0.3387554563891504,0.17506944545110292,0.2909209614966558,0.21819559246163622,0.16559977603296006,0.6034380985709761,0.8659542931079078,0.9214952459492629,0.28954836743968404,0.27819728227247453,0.2468503766466379,0.2085218028301643,0.17737206392678007,0.36096925059875173,0.4170764800297173,0.47504503163504375,0.21886330840815194,0.40523006904562553,0.4215785863638065,0.3123396083707217,0.448075866850278,0.28802703872950974,0.9797960219843814,0.7009570045809419,0.5993182071760973,0.4576254982395016,0.3515200260999314,0.2885212599490524,0.2787701036842746,0.46932278347635903,0.3844897028308141,1.0,0.3706770273726179,0.5803831379108811,0.49985095402948854,0.7113817596174792,0.2937737274359372,0.9122864088701179,0.13275149660528174
Kormáks saga according to AM 132 fol (Möðruvallabók)-AM 132 fol (120vb.21–129rb.7),0.540495793297803,0.17475586582289815,0.1345095903295047,0.10916221376709745,0.16494747434933243,0.1298762512875542,6.328271240363392e-15,0.2562308537890955,0.12286660623125178,0.3314137195200678,0.2447981922336473,0.5456029403096756,0.8862087071199011,0.1976594590123747,0.19903702394620515,0.27274098312258865,0.1474115661202542,0.3607695942854291,0.168916582229928,0.15399337112246747,0.21183419722446217,0.3381481541013591,0.2561835614641188,0.22216563442935922,0.47621046299313474,0.4957548117162498,0.3205094857093217,0.1704594185377727,0.20885577736339,0.299459530924856,0.3054412275159393,0.41581846373375,0.5722201744767798,0.2099957752594933,0.2515496467102526,0.35909525260445696,0.19248661638880937,0.3541036501001301,0.2317568550141892,0.20855399030394173,0.5934373461186537,0.855007276445929,0.9169521834402898,0.331313827511448,0.2936565473981759,0.268579104049406,0.25591584310508764,0.212926793996292,0.4243578269192416,0.4087227004740759,0.496121453054873,0.2541081610173519,0.4516460710795991,0.44803592404955317,0.34196587230298126,0.5111271171771263,0.301287764973339,0.9678938225641931,0.6982105879338056,0.6210456017734397,0.4960672551792056,0.41392189936298995,0.3257774016986382,0.2999909487287087,0.47270953870644294,0.42905862990802246,1.0,0.3648857028339678,0.6292223060840512,0.5173869130253279,0.7191937614896964,0.33587128600435945,0.9060610392275397,0.1690162276826318
Ölkofra þáttur according to AM 132 fol (Möðruvallabók)-AM 132 fol (147vb.5–149va.31),0.5718238944180888,0.1993020363026664,0.24202119168451597,0.19795307431454467,0.24210358571207002,0.21195758450196778,0.2562308537890955,1.176836406102666e-14,0.18446491469427306,0.3212009904405163,0.30436198686443916,0.5434514382824438,0.9202437572983816,0.2865896577799013,0.23471720459844414,0.3155275314270889,0.2674680923887015,0.42880983081792523,0.2453874349337749,0.2079011675190603,0.2971820856399394,0.36568280075292403,0.28266513614474886,0.3319859519396835,0.46022716421837273,0.5702265252709877,0.3932548704264417,0.2603946084250496,0.29658057080047673,0.295758655561123,0.3385790349810325,0.48945311524936985,0.5870509331194431,0.24328891134771757,0.2743991096146099,0.3315568402301724,0.2820433200358575,0.3523386365532678,0.3416771320939078,0.2924683617568816,0.6529948095835254,0.9059225921864645,0.9413950831276277,0.3692016996645372,0.3247864437152971,0.2893949596739982,0.34822892145653517,0.27082705067456203,0.46769697793173526,0.46538725801654335,0.5629450537342189,0.3423729169900924,0.4879750069873441,0.5048325349821613,0.40637160013369855,0.45606893052828523,0.3120896809515199,0.9885528032685194,0.7573508374225586,0.6627741866340556,0.5252018433308059,0.46171467151285417,0.38593285515967146,0.3940724366208824,0.5285972514255282,0.454772553585748,1.0,0.40464571004643624,0.5973405378424939,0.5125105394912166,0.706577513871695,0.32154794543298315,0.9361316955589577,0.23744521517342754
Víga-Glúms saga according to AM 132 fol (Möðruvallabók)-AM 132 fol (129rb.8–141va.32),0.5054815680163012,0.09414940382834391,0.11579135167868604,0.06324341387424892,0.13244715532782525,0.08648725098049859,0.12286660623125178,0.18446491469427306,4.674038933671909e-14,0.2649747424580007,0.19396568199347253,0.5015462348347384,0.8889384695705582,0.15647451774866716,0.14242184980226458,0.2041167956229577,0.13484124964960154,0.3465807071438235,0.11592425635251691,0.08874916874858518,0.19209531638242938,0.27144311348809735,0.19336079691891128,0.1816646159398042,0.4129594439658417,0.47406734798523964,0.299953265144156,0.12312258710319268,0.17252802559739389,0.23530058835813417,0.27597500120002283,0.4242590661416461,0.5526242412994682,0.14626602809003264,0.2049742568483095,0.2979702687007193,0.14842687567347812,0.2875386978630299,0.20360751323306103,0.15783464095331823,0.5970521940058169,0.8635719136391111,0.9195699166788179,0.26891005505188825,0.24623067637259355,0.21668768391549187,0.2041891805398608,0.15790623386397118,0.3714143399482086,0.3988828542111641,0.47613456037651647,0.21881147508302967,0.4143673410075115,0.42695279761232385,0.29023617188803996,0.4433587029355638,0.2605211230622415,0.9781312108525533,0.6904434682300093,0.5973503069793,0.447998446544698,0.36559635089334397,0.27268814954380804,0.27720464412875656,0.45439753453397214,0.37220131199208717,1.0,0.3605311475788129,0.5904260212882511,0.47914304152353215,0.6970407388228226,0.2650116957734584,0.9084038882692507,0.12291801572689953
Theta-fragment of Egils saga-AM 162 A θ fol.,0.6035359734178232,0.23586474484978004,0.3130155118663136,0.27964931007358207,0.3128246817958704,0.2830257952532578,0.3314137195200678,0.3212009904405163,0.2649747424580007,0.0,0.23159324299604744,0.5756611749495625,0.9214809185830894,0.3011425199472839,0.2844858026991758,0.3458044949540585,0.2991731164525415,0.45815403550405953,0.2927927292160374,0.2688048387683658,0.34811831144597594,0.4103455891834231,0.32410710654741925,0.36274415485460276,0.49496871870783166,0.5766003339250223,0.40985730766474815,0.2915894668596791,0.3286915391630515,0.36582448527618583,0.3891555313887127,0.5361591357671951,0.6353597969923186,0.31899314926443745,0.35655738420760175,0.4128487308852824,0.316899900175705,0.389232505046323,0.37161001565317653,0.31858463606456366,0.6671744026064735,0.9067121323698438,0.9424080488711629,0.40267494834266415,0.38376732374195255,0.34771506757221904,0.3677734257667361,0.3016698889174718,0.4673970039808838,0.49799464759043177,0.5865306395748986,0.3588812159021092,0.510134367674226,0.5235557886877563,0.4377498604609361,0.5000270891747631,0.34842039530734725,0.9882242683400239,0.7530745597957795,0.6797060205472651,0.5500171144692045,0.47731120190931386,0.4169129222609187,0.40551459876065643,0.5500914194730148,0.5067521281521539,1.0,0.45584889430774755,0.6307372166236487,0.5558962982763842,0.7448182932295374,0.37773515201278485,0.9362774446988078,0.1686612764815164
Zeta-fragment of Egils saga-AM 162 A ζ fol.,0.5601586116324689,0.2152652188056412,0.21926128072040618,0.18808219145097704,0.23107117000674515,0.22255810322027525,0.2447981922336473,0.30436198686443916,0.19396568199347253,0.23159324299604744,3.6637359812630166e-15,0.5573447426510709,0.9170489491428285,0.2052793318592735,0.23622435133160657,0.2919292037850856,0.21877684859476154,0.42861099960817184,0.24122734396813494,0.20999054381980442,0.25531945580115367,0.3940184614812656,0.3141457239964893,0.28602512786268275,0.5276661167190563,0.546146609338696,0.3930532077270714,0.2244632343583689,0.2717973858887056,0.32860331346892857,0.3493944249822135,0.4758688664451186,0.5937137645849644,0.22479241459225618,0.2871829379854368,0.35151006055573975,0.22820815755489865,0.4522895901148748,0.29772201144637533,0.2436440574551294,0.6469684783290546,0.8978293812149716,0.9381699581514592,0.3367348592331719,0.3130933418545587,0.28531754680955346,0.32113888054023554,0.2702621228775781,0.44715518899107387,0.4609829006745457,0.5175909736581679,0.29261209471206906,0.46709500448171637,0.4752447381132304,0.3778297448756074,0.531842186889284,0.31984969297618304,0.975104177935859,0.7414968425484898,0.6661331309238846,0.527695963063181,0.4663791330973712,0.36947831454506685,0.3689979942617154,0.5521275251885008,0.4732449343542954,1.0,0.4009896079334816,0.663205058561236,0.5118827310496412,0.7169341430251215,0.3325643233436888,0.9318924553752668,0.10621786764027674
Konungs skuggsjá-AM 243 bα fol,0.6822605284005181,0.5217653872149872,0.5362434302254062,0.4973134148114201,0.5177855174843676,0.5192782987172496,0.5456029403096756,0.5434514382824438,0.5015462348347384,0.5756611749495625,0.5573447426510709,6.52811138479592e-14,0.9421281319455042,0.5211634746528175,0.48410975596746875,0.5548185617996649,0.516086408240959,0.6215723356222649,0.5333262741764805,0.5060501442757444,0.5426540232597434,0.6173350140994056,0.549632205708878,0.5738300916031229,0.6773259272550616,0.7210251180671341,0.6058134103057383,0.5022059938644872,0.5326641401067793,0.5219239479436637,0.541276220859122,0.6560634347591299,0.726421353337943,0.5092268021455156,0.5194556788469525,0.5337965502475541,0.5125457350524589,0.60194173821063,0.4980376280529232,0.4670235581153872,0.7374135506229267,0.9313067295767553,0.9586284996520928,0.4872777577342434,0.5395622837067672,0.5135653888988929,0.5074737585610078,0.4650209624117262,0.655809473869013,0.6070996952874217,0.7052945007446911,0.5633961891031753,0.6681346746645311,0.6674224330167531,0.5489881839156324,0.6419390339818473,0.5161768986147264,0.9967260355657716,0.8159171700049543,0.7963651409026821,0.692020756132337,0.6613254540596758,0.5983714891142948,0.5900796538098322,0.6761343760120506,0.6685369456730876,1.0,0.609298373081002,0.7568482053222478,0.6693169830055976,0.7992092940953017,0.5482711662662139,0.9527916535933987,0.5088926695650533
Codex Runicus-AM 28 8vo,0.9271915632314399,0.899194726238047,0.8889426994446433,0.8896846600530738,0.900338191252593,0.8936068539098067,0.8862087071199011,0.9202437572983816,0.8889384695705582,0.9214809185830894,0.9170489491428285,0.9421281319455042,8.881784197001252e-16,0.8954175259841305,0.9048676208686499,0.9168200846895717,0.8862070391430239,0.9143541990883063,0.8878864890316824,0.8974010946125908,0.8985946117339718,0.9258458023390805,0.9065436153988856,0.9016868446708388,0.9475270928400065,0.9149911273111142,0.9104323937698557,0.8785350155928577,0.8838700127825516,0.9163123792171654,0.9067749917098643,0.9123753520236689,0.9516732920845717,0.9095760282320999,0.9167565098297767,0.935862074884127,0.8872854734109387,0.9149504367773128,0.8866598168671964,0.8913959259191104,0.9364373561378646,0.5584461564759129,0.5902234655479652,0.9123288772642376,0.9142904827913574,0.9180793950290441,0.8842224736050511,0.8729384636398105,0.9138552366044196,0.908854237695767,0.9245196674129422,0.9036513854946133,0.9373331986010764,0.9248562959461416,0.8997109254352529,0.9517706982444396,0.9202704019471315,1.0,0.9340949831884392,0.9396313936215209,0.9299466726974477,0.9121441189642376,0.9056310843735202,0.8843321116908297,0.8988771575925905,0.9263277552552321,1.0,0.9281649646709642,0.9631161501543913,0.958532164827635,0.9589825222099271,0.9347746650200071,0.4830318699215198,0.8926203785185397
Codex Frisianus-AM 45 fol.,0.5018298722939447,0.22824564018303006,0.17107336881792445,0.13951061545396226,0.1883766667769352,0.16558530491222778,0.1976594590123747,0.2865896577799013,0.15647451774866716,0.3011425199472839,0.2052793318592735,0.5211634746528175,0.8954175259841305,0.0,0.15027029401951408,0.1968684233860366,0.1636337979793986,0.3421845203470817,0.17654763312721167,0.1541826319849111,0.19009333161719422,0.35656302005685725,0.23977180033450396,0.1996126744585568,0.46469740500743795,0.4551388113108571,0.3304127362341307,0.12057076925308674,0.18439658099629486,0.2777771966866426,0.2924333226480992,0.42304535506146945,0.5611851040220057,0.1722881630094848,0.24369574662412286,0.3209161317238518,0.12112056193434495,0.42851956689035,0.21419535253326494,0.13698864017048085,0.6174885641695392,0.8687178149546344,0.9242754745443821,0.2525346065338788,0.2438367309188113,0.20281280647846112,0.21012946279868272,0.17225824343309915,0.3092608016810158,0.3881703792854504,0.4303215445463866,0.19030245334333096,0.3437181081656253,0.3722736285114209,0.2992258543294667,0.5067421058209931,0.27961694685366045,0.9800895393408164,0.6831698671422601,0.608494659040167,0.4456653314860639,0.3817402916894397,0.2780651900960778,0.2589803666638356,0.48891072922929935,0.43004681401490663,1.0,0.3764902307856903,0.6461017146341325,0.48940279470813286,0.7049787367646607,0.30652909622750324,0.9128656997174333,0.10884548240083314
Alexanders saga-AM 519 a 4to,0.49219028374123774,0.18494400872609418,0.20017212248131688,0.13029170396261391,0.1755905105471982,0.1662462958010693,0.19903702394620515,0.23471720459844414,0.14242184980226458,0.2844858026991758,0.23622435133160657,0.48410975596746875,0.9048676208686499,0.15027029401951408,0.0,0.219471913979843,0.17883368753234286,0.36661893571939763,0.2037928665417046,0.15630776571323646,0.21854010361113074,0.34665985530390353,0.23517429558313918,0.23911852374152964,0.44742463806018495,0.49377026249705847,0.3231377473439533,0.12530586678222055,0.17464233867290935,0.20273374273371814,0.23928458802260066,0.41131643794344896,0.5278069334187434,0.12560017189345785,0.14903836182189323,0.22819409662276569,0.1477717939264156,0.34974481612190533,0.22702215211109145,0.15738022798955498,0.6134239605339029,0.887355748767405,0.926805004314143,0.2133666197588887,0.24112298597355464,0.19240223696177727,0.22138115805219782,0.1521534832972522,0.36142685166788935,0.3666673448274054,0.48378500892358955,0.2213055562295385,0.41943096700502036,0.41562496811568816,0.31087370399466874,0.42179283481372454,0.23548086418883452,0.9907467686853907,0.6992530530186645,0.642228217484111,0.4526595724625746,0.4075471103602196,0.3093536720771666,0.2819508192384924,0.47404852858254076,0.43210110161181625,1.0,0.35933441527009014,0.5999416511745423,0.4280394949933808,0.6762311992849872,0.2539841021545174,0.92305183963828,0.14934230443736152
Dámusta saga-AM 557 4to,0.5547977975080585,0.2413461379455215,0.2681237559325166,0.20291143834030967,0.2544093533169116,0.21259678944166738,0.27274098312258865,0.3155275314270889,0.2041167956229577,0.3458044949540585,0.2919292037850856,0.5548185617996649,0.9168200846895717,0.1968684233860366,0.219471913979843,0.0,0.23749829188827742,0.39210292527913915,0.21404684852043998,0.1952405220851775,0.2863003728164669,0.33827089079720696,0.25874927468314024,0.26305299851821284,0.41689597876758466,0.5082955396797812,0.351204912542886,0.20898682772327115,0.27165701343673343,0.31476120956636755,0.35046451984358695,0.5265001425059441,0.5796976762679025,0.2506158871610721,0.2993812456078053,0.37352242041995165,0.2083163590699777,0.38048970991718256,0.2675441353123481,0.21940017641727694,0.6432148125398276,0.8985546093005613,0.9386399377681918,0.3202152681109025,0.32808563382545985,0.2856359312071721,0.2791543421991156,0.24864626221599906,0.3756483487575841,0.4712289944647876,0.5232066188786803,0.2666090546212303,0.42949557637384195,0.44737564584891065,0.3665451283605313,0.5017904153783107,0.33008710541900144,0.987634460643751,0.7233630624915397,0.6381126196469775,0.4858087705603562,0.4209384030312381,0.3330398623354679,0.3438949192161722,0.5358653911272234,0.48678365554039804,1.0,0.44773838782918396,0.6141352768990427,0.5318079678087031,0.7291275327537132,0.33338080616669685,0.93204662903823,0.21214227954746456
Eiríks saga rauða-AM 557 4to,0.5083350921395684,0.18313831239084633,0.13898112514005412,0.11810830755390833,0.14402148313428798,0.15408383162681283,0.1474115661202542,0.2674680923887015,0.13484124964960154,0.2991731164525415,0.21877684859476154,0.516086408240959,0.8862070391430239,0.1636337979793986,0.17883368753234286,0.23749829188827742,1.0547118733938987e-14,0.34220698048281706,0.16391357384972904,0.15160658110917924,0.17269454431839637,0.3396719460966343,0.22804075300927273,0.22614009862289275,0.4841880129896442,0.4903311791381597,0.29175674928972606,0.13994089565299372,0.1912059345542083,0.25955896622424557,0.2564378110247383,0.3832492570561521,0.5553246417632383,0.20341348759003897,0.23479116464914296,0.3130626660546175,0.1578180076502651,0.3368353046309821,0.2033568415553546,0.18814378202548132,0.5700751635049106,0.8551157298216101,0.917458253230167,0.3059996849729488,0.27012574615488916,0.23271245914679306,0.248035611513586,0.1743708827286502,0.4102509251226343,0.3642874240625268,0.46884431521587444,0.23452999124618168,0.4251249922153333,0.4201468401327567,0.32795437864238175,0.4902563956828754,0.21556887495834154,0.9755011018990244,0.6816807938567229,0.626595148176313,0.4974526288093243,0.4214703019029402,0.3081910104046889,0.2770962595984644,0.45130442817431493,0.46765460355534216,1.0,0.3416040857322078,0.6096576753007927,0.48227623344802883,0.6997810456967376,0.28633313798059123,0.9051617843610893,0.1458871706588929
Eiríks saga víðförla-AM 557 4to,0.6241937684116581,0.36363834597678246,0.3650161466728945,0.3383676427763366,0.34778820631024887,0.3382304563562545,0.3607695942854291,0.42880983081792523,0.3465807071438235,0.45815403550405953,0.42861099960817184,0.6215723356222649,0.9143541990883063,0.3421845203470817,0.36661893571939763,0.39210292527913915,0.34220698048281706,1.3322676295501878e-15,0.3437962219366325,0.3408653192251593,0.3775286744751407,0.4785949481430495,0.3700265625013095,0.3968081142046068,0.5338849352172792,0.591707876610575,0.4546312745818295,0.3422291546993742,0.37297966085073797,0.39667568731882963,0.3810927996687865,0.5218435098191814,0.6277293763114438,0.38439744096752504,0.3910662498351106,0.4614530754638645,0.35209382079716023,0.4738248528940906,0.4273250061736533,0.3525514493187728,0.6889379164829372,0.8863029099325929,0.9382232252907297,0.45088596700207373,0.43787170349590643,0.4064794790471681,0.4039438068949558,0.3346255153167521,0.5238211217826607,0.48957221898881054,0.5820246915986176,0.3716643819979286,0.5328972917170237,0.5220568049481976,0.47097038282747206,0.5972107978921568,0.3951790425005143,0.9821762881941387,0.7183222827070432,0.6766941044575507,0.5987922513234556,0.5015278827558667,0.4336988516825422,0.4010200832852868,0.5417375465042016,0.5904076517688307,1.0,0.4728646885522996,0.6959349850177499,0.5925269789854504,0.7391241836158428,0.43731958840353957,0.9263746043874412,0.33103856666280296
Gunnlaugs saga Ormstungu-AM 557 4to,0.5236351091652649,0.1550075344916534,0.16685445523594356,0.11615072290923067,0.1868129433242508,0.11716278269981117,0.168916582229928,0.2453874349337749,0.11592425635251691,0.2927927292160374,0.24122734396813494,0.5333262741764805,0.8878864890316824,0.17654763312721167,0.2037928665417046,0.21404684852043998,0.16391357384972904,0.3437962219366325,1.3100631690576847e-14,0.11898983078549108,0.21691366236960608,0.28586520908253277,0.2081725663849101,0.20096152464262929,0.3946977189221178,0.4804201649029679,0.3041815719597214,0.15578240764416118,0.19651388489556731,0.2792763276654324,0.30263484516330064,0.44826299405549397,0.5646741682029035,0.218525464087178,0.27829174756213615,0.36763303603006525,0.17466024594593355,0.2945796854323165,0.2232071028573409,0.18777131533370273,0.6117769466319628,0.8574386143151613,0.9192620724067089,0.31144945026026283,0.2960052952130128,0.26695098573835563,0.21937124064128766,0.17238492509423764,0.3660060238734175,0.4185894815396952,0.46512217918104126,0.22438617801473948,0.4108736744328546,0.43544617032974975,0.3162614083648978,0.4649938617934931,0.29929391079361967,0.9819852865857008,0.6837045633117642,0.5887710172142967,0.47213092284186875,0.35250526632120305,0.2775883494087221,0.2784947236648675,0.4543470743709146,0.411554452092731,1.0,0.38792765907798443,0.585194040126236,0.5216532936263524,0.7189215174664509,0.31272893475958174,0.9064214702552299,0.15188818184708386
Hallfreðr saga vandraskald-AM 557 4to,0.5206719652033023,0.1368746724986183,0.15381411873774586,0.09142496368722575,0.15851396920593908,0.08319557633115682,0.15399337112246747,0.2079011675190603,0.08874916874858518,0.2688048387683658,0.20999054381980442,0.5060501442757444,0.8974010946125908,0.1541826319849111,0.15630776571323646,0.1952405220851775,0.15160658110917924,0.3408653192251593,0.11898983078549108,6.5503158452884236e-15,0.20214464967827095,0.2707319218427866,0.18531986422905677,0.18464491227117363,0.37912837626315,0.47441274994255145,0.30108761094310776,0.1389593213663598,0.1868542546300055,0.2486471422135833,0.2819298998546602,0.4337531678503562,0.564803112028706,0.17500800648830894,0.2310694425437262,0.3127462501809194,0.16117751815204606,0.3035103545362813,0.2184126197248214,0.16248916172797456,0.6046383900863352,0.8752874654914566,0.9252818353047546,0.26575654088119105,0.2563966065017077,0.22371815694929098,0.2162751357230801,0.16663773450397423,0.3548253200392444,0.40551271098703245,0.4702020264320511,0.20972294917025136,0.3962863090222355,0.41528447359880793,0.3092290857134625,0.43587224459255947,0.26192793529362435,0.9807721533969123,0.7053100141984683,0.5994515057775983,0.4428162319105965,0.3559949213445035,0.2774768228422484,0.28125695785717897,0.4697346153649189,0.3906035407105375,1.0,0.35951371664452314,0.5827239868218608,0.4857468626731455,0.7046581482214087,0.27109048053911056,0.9166123612238757,0.12273317233975267
Hrafns saga Sveinbjarnarsonar-AM 557 4to,0.512613000315097,0.24387500988465982,0.19424237668598754,0.1780320939435307,0.19747502351237622,0.21123673909676388,0.21183419722446217,0.2971820856399394,0.19209531638242938,0.34811831144597594,0.25531945580115367,0.5426540232597434,0.8985946117339718,0.19009333161719422,0.21854010361113074,0.2863003728164669,0.17269454431839637,0.3775286744751407,0.21691366236960608,0.20214464967827095,3.552713678800501e-15,0.3913386808695345,0.2790512588941121,0.27621561363293967,0.5306411756887961,0.5144540361921939,0.36880033498633524,0.18814480660124644,0.22846474840076947,0.27372852942019854,0.2704786006370439,0.3959654657529492,0.5398808613454167,0.21230457228220834,0.25416958139642076,0.3176936907313701,0.19697605296522602,0.4234671596897813,0.2974717678226405,0.23271277184185535,0.6133646384361433,0.8721538517177875,0.9271028913181372,0.3394647537233195,0.2690243679880375,0.23379897329105326,0.3051851454496187,0.2097773831779023,0.43268489208969896,0.3905299977483623,0.47361419679911143,0.2610238576838225,0.44504007427908,0.42510340951737857,0.3464411501506123,0.5161654852411499,0.26565521654050783,0.9708007389373573,0.7019044458171468,0.6498797426064179,0.5178283389276758,0.45452675421706323,0.33471846463522215,0.31619471167792645,0.48581141272599127,0.4952816111247368,1.0,0.36016744095472586,0.6519827107533229,0.4828958189116239,0.6982668814884454,0.30099634628473815,0.9162600182974152,0.18446579217007808
Hróa þáttr heimska-AM 557 4to,0.6334414521540217,0.2943432262282417,0.3423968116672227,0.2907083790201709,0.3480204473034392,0.278525280386572,0.3381481541013591,0.36568280075292403,0.27144311348809735,0.4103455891834231,0.3940184614812656,0.6173350140994056,0.9258458023390805,0.35656302005685725,0.34665985530390353,0.33827089079720696,0.3396719460966343,0.4785949481430495,0.28586520908253277,0.2707319218427866,0.3913386808695345,3.3306690738754696e-16,0.32669605685272574,0.34519863659006345,0.4454405938172442,0.5922138292196095,0.4160522125891628,0.3282756063722464,0.36535905803562707,0.4102029660617136,0.4448118393999364,0.6063518923808608,0.6528509512735479,0.3622568549621915,0.4019708091604799,0.4876460413441994,0.3436835221381044,0.38164896061045284,0.3677805333320915,0.3485784546781143,0.6752594832581604,0.9080415517562388,0.9443744729368017,0.4325838815149067,0.4215520228937121,0.3902101621429275,0.37607052400321006,0.34251103599224464,0.4949530248679326,0.5565440507470361,0.6126041683972493,0.3862398925180517,0.53964368018552,0.5673243016240278,0.45675899602124526,0.5294511196938585,0.4354632204253439,0.9828493906137045,0.7765241287404971,0.6609342531799891,0.548178824047034,0.47728769181199304,0.4069808916238147,0.4335371861405922,0.579907728898157,0.5123460979215817,1.0,0.5101866227753407,0.6271406160305231,0.6016255845819345,0.7718564402402657,0.42479653889469293,0.9397144096071262,0.32579041515365603
Karls þáttr vesæla-AM 557 4to,0.5614679978874724,0.20832247700615336,0.25154845901291545,0.2048423670616798,0.24328496905451547,0.19209504333227367,0.2561835614641188,0.28266513614474886,0.19336079691891128,0.32410710654741925,0.3141457239964893,0.549632205708878,0.9065436153988856,0.23977180033450396,0.23517429558313918,0.25874927468314024,0.22804075300927273,0.3700265625013095,0.2081725663849101,0.18531986422905677,0.2790512588941121,0.32669605685272574,0.0,0.275510225161553,0.37054207566634245,0.4989062502612982,0.33533761966635045,0.22002004585610613,0.267397488257621,0.3120315595295964,0.3194438201986771,0.4963935553465938,0.5823469040809813,0.2834433205903949,0.30397807728317905,0.37765915654919635,0.2544747615312851,0.3277835314997377,0.32276988152192,0.23319953827935647,0.6458890126890391,0.8835834670103747,0.9305599628694977,0.3507471699008632,0.32877818404065995,0.2880049838842844,0.2778812334406683,0.23851095748797824,0.38439324704394606,0.45069734918097804,0.5419999891208979,0.2644883752366467,0.4375263835966774,0.45126409710440984,0.3764217446747674,0.4838391348578578,0.30337121197649897,0.9725145148577601,0.7256922268970892,0.62434335297342,0.484027225002421,0.401111943357255,0.33726432327928946,0.326757315421766,0.49614920394433704,0.48428341519384965,1.0,0.401295360536173,0.5979904101670609,0.5385598596274113,0.7208494936627887,0.3327953786136897,0.9227281342227494,0.20442846239108314
Rögnvalldr ok Rauð-AM 557 4to,0.5724208697122601,0.24532573686797354,0.23475851383580404,0.17258616606115318,0.25636998094939467,0.18580909729315098,0.22216563442935922,0.3319859519396835,0.1816646159398042,0.36274415485460276,0.28602512786268275,0.5738300916031229,0.9016868446708388,0.1996126744585568,0.23911852374152964,0.26305299851821284,0.22614009862289275,0.3968081142046068,0.20096152464262929,0.18464491227117363,0.27621561363293967,0.34519863659006345,0.275510225161553,8.992806499463768e-15,0.4502581316842341,0.487250306872567,0.3732564532779231,0.19536392633571587,0.246475166432516,0.33871487653203114,0.3720407361064205,0.49162420735154233,0.6274097258684972,0.2582610705067119,0.33081238834823223,0.4245062811404925,0.21404385148421057,0.4079824842016979,0.2613668179142543,0.21362158453998137,0.6519286904476859,0.87402174815247,0.9286191734405743,0.32186549845484014,0.3408650418747391,0.31310152942168334,0.26278640903838857,0.23241560994892596,0.39955094573893024,0.4736877826180794,0.5067203452145901,0.2506123640563498,0.4488915106433832,0.46292953382979696,0.352114415541831,0.5244756829506068,0.3738211324226267,0.9810336086884163,0.7143393597560845,0.6160950835083182,0.4850773113206138,0.40055748525015533,0.32298991711750047,0.31887554007588903,0.516714306910048,0.427691088740321,1.0,0.44484588020524196,0.6484880305799743,0.5511994539500444,0.7511839721643545,0.3834525406700322,0.9175380296616086,0.20162861214676087
