,Gunnlaugs saga Ormstungu-AM 557 4to,Breta sǫgur-AM 573 4to,Karls þáttr vesæla-AM 557 4to,Hróa þáttr heimska-AM 557 4to,Old Norwegian Homily Book-AM 619 4to,Prosper’s Epigrams-AM 677 4to,Pamphilus saga-DG 4-7,Kormáks saga according to AM 132 fol (Möðruvallabók)-AM 132 fol (120vb.21–129rb.7),Bandamanna saga according to AM 132 fol (Möðruvallabók)-AM 132 fol (114ra.41–120vb.21),Hallfreðr saga vandraskald-AM 557 4to,Sveinka þáttr Steinarssonar-AM 557 4to,Valdimars saga-AM 557 4to,Hrafns saga Sveinbjarnarsonar-AM 557 4to,Rögnvalldr ok Rauð-AM 557 4to,Hallfreðar saga according to AM 132 fol (Möðruvallabók)-AM 132 fol (149va.32–156rb.10),Codex Frisianus-AM 45 fol.,Gregory’s Homilies on the Gospels-AM 677 4to,Bǿjarlǫg ok Farmannalǫg Magnúss Hákonarsonar | Magnus Lagabøtes bylov og farmannslov-Holm perg 34 4to,"Ór lǽknisbók The fragment is unnamed, but Konráð Gíslason named his edition of the text
                    Úr læknisbók, which is published in Fire og fyrretyve for en stor deel forhen
                    utrykte prøver af oldnordisk sprog og literatur (1860)-AM 655 XXX 4to",Völuspá in Codex Regius-GKS 2365 4to,Landslǫg Magnúss Hákonarsonar | Magnus Lagabøtes landslov-Holm perg 34 4to,Eiríks saga víðförla-AM 557 4to,Droplaugasona saga according to AM 132 fol (Möðruvallabók)-AM 132 fol (141va.3–147vb.4),Finnboga saga according to AM 132 fol (Möðruvallabók)-AM 132 fol (100ra.1–114ra.41),De xii abusivis saeculi-AM 677 4to,Fóstbræðra saga according to AM 132 fol (Möðruvallabók)-AM 132 fol (198rb.8–201vb.41),De virtutibus et vitiis-AM 619 4to,Trójumanna saga-AM 573 4to,Egils saga Skalla-Grímssonar in Wolfenbüttelbók-WolfAug 9 10 4to,Alexanders saga-AM 519 a 4to,A fragment of Konungs skuggsjá-AM 1056 IX 4to,Reynistaðarbók-AM 764 4to,Dámusta saga-AM 557 4to,Gregory’s Dialogues-AM 677 4to,Eiríks saga rauða-AM 557 4to,Stúfs þáttr Kattarsonar-AM 557 4to,Víga-Glúms saga according to AM 132 fol (Möðruvallabók)-AM 132 fol (129rb.8–141va.32),Ölkofra þáttur according to AM 132 fol (Möðruvallabók)-AM 132 fol (147vb.5–149va.31)
Gunnlaugs saga Ormstungu-AM 557 4to,0.0,0.43806122179407125,0.5407181011555182,0.6507617008188263,0.5653855687311704,0.6230545788601336,0.5797612286157413,0.5929574989973481,0.49579682980055695,0.4920612816349519,0.7548963809749347,0.6533942306698821,0.559927488868613,0.5308219841633669,0.48336392424721863,0.4616018722522467,0.5724917230456725,0.5511953144672855,0.7273239221901575,0.8537480444699529,0.5079400044403977,0.6968077769764731,0.529774895557195,0.47828128801559844,0.8242481106629986,0.5377303111189504,0.5624189094376862,0.5138171486841094,0.40202997415860264,0.42025518803369966,0.7945773200849578,0.4938863430556172,0.5637015278900042,0.6516595143955222,0.44731583957451737,0.6995746764060111,0.43211343360467036,0.6086690676298072
Breta sǫgur-AM 573 4to,0.43806122179407125,0.0,0.45836063493778356,0.6075326014933685,0.4496923494635652,0.5265676723746522,0.5095554297726648,0.5187927826760312,0.4068163558755292,0.43124212415949037,0.6943754823395896,0.5758097583178219,0.4803489100281596,0.438021090922441,0.4184679888562908,0.31845536543333286,0.453310035920647,0.434509216891656,0.669790955110261,0.8225875145513811,0.38368033328398465,0.644575034102901,0.43752522847877207,0.371631831225123,0.781574009929751,0.4362921049863233,0.456396629081815,0.37329974409980105,0.2664992142630377,0.2598588333071219,0.7401745744994424,0.3487301739873424,0.47233045254212713,0.5548652820681932,0.34184039071457084,0.6870608891434379,0.31685320843826725,0.5413154261041069
Karls þáttr vesæla-AM 557 4to,0.5407181011555182,0.45836063493778356,0.0,0.6525853371059037,0.5611883800949675,0.6064616656441999,0.575943706027847,0.610052141684835,0.4922454627869598,0.5246143802712224,0.7553984637728576,0.6468094958105344,0.6053554156547536,0.5434936822826681,0.5173167944595192,0.48750087238714823,0.564002995792998,0.5451241462277476,0.7449159851099737,0.8662559508892727,0.497633007056537,0.7063925498148153,0.5518556681087036,0.508060394460522,0.817892031791006,0.5486352838023012,0.5619566398426445,0.532579316492254,0.4196416197795336,0.41342835045754034,0.8000603668823121,0.5218383471836612,0.5703270972034464,0.6627750870661799,0.4724876412151766,0.6757492859387535,0.4475716997567206,0.6060979628117367
Hróa þáttr heimska-AM 557 4to,0.6507617008188263,0.6075326014933685,0.6525853371059037,1.4876988529977098e-14,0.6995050846760937,0.7193380187511731,0.6797945613585779,0.7076891359287748,0.6199873184104794,0.6419809472820865,0.8292686507761943,0.7453183014593177,0.7185965970565275,0.6542231011886304,0.6377051130824687,0.6269800024834884,0.6826645595182841,0.669784365200086,0.8215878209437062,0.8953680096010885,0.6325505468006399,0.7930073218500866,0.668613015844305,0.6246829039277491,0.8796980264766162,0.6678564051711187,0.6771742045445095,0.6636518399788172,0.5813034525601033,0.5693349644513712,0.8560888446792986,0.6463599139979352,0.6710318166146065,0.7418975998467137,0.6303809614470295,0.7537225810316435,0.5812001205590293,0.7055972891124056
Old Norwegian Homily Book-AM 619 4to,0.5653855687311704,0.4496923494635652,0.5611883800949675,0.6995050846760937,3.064215547965432e-14,0.522002807468725,0.5697546695986027,0.6244554512586313,0.5152808873749928,0.5631088023145459,0.7762616994462851,0.6640059466184565,0.5897933717526802,0.5886579822265658,0.5542556478388937,0.49298269848771925,0.4702120508887798,0.51283741377005,0.7034738211053129,0.851895038024499,0.4635806084566466,0.6924384529646702,0.568807559327156,0.5281271079356791,0.7541717422012335,0.5502122582008344,0.43981603856543505,0.524812145366526,0.4365352443883078,0.39548984055879677,0.7757668074268431,0.4849739346464257,0.5883242474967096,0.6443630584931799,0.4868769993097928,0.7491743355907927,0.4719268056450575,0.6246210235715857
Prosper’s Epigrams-AM 677 4to,0.6230545788601336,0.5265676723746522,0.6064616656441999,0.7193380187511731,0.522002807468725,7.138734048339757e-14,0.606229173107012,0.6690978345194755,0.5303033342995354,0.6034639231197201,0.8220403441708739,0.6915827063592205,0.6553088442868078,0.6359765968395894,0.6091923766582139,0.5501887130692277,0.4396491492950526,0.5056868871763752,0.7207829387676188,0.874214497151803,0.433526354201097,0.7495615703865616,0.636742632673895,0.576440766562558,0.7452722684896511,0.6070218587015904,0.43405655979901914,0.5928038991105721,0.5081074707881115,0.3851950231357363,0.7731060856697789,0.5441926589671828,0.599445089511194,0.6060859380495888,0.5798687523723947,0.7600736935725714,0.510124345293719,0.6286276684448844
Pamphilus saga-DG 4-7,0.5797612286157413,0.5095554297726648,0.575943706027847,0.6797945613585779,0.5697546695986027,0.606229173107012,4.574118861455645e-14,0.6367354802949674,0.5057325397127443,0.5885009412513975,0.8027479196120194,0.6665805310814998,0.6645388759904705,0.6134464956286083,0.5698863095224567,0.5791567048337023,0.5884275424567578,0.5879683754627405,0.7286030027601273,0.8555624544554024,0.5366031901958257,0.7344090529551124,0.6107673178479576,0.5604714306196791,0.8121665414641197,0.6033608577733771,0.5247149109821381,0.5591538456201867,0.5063863865227382,0.4484311173767008,0.7984606162566236,0.5643217797779216,0.6166276831059242,0.7023384552848659,0.5492011808500329,0.7274477902375711,0.4965178908765949,0.6420517031906638
Kormáks saga according to AM 132 fol (Möðruvallabók)-AM 132 fol (120vb.21–129rb.7),0.5929574989973481,0.5187927826760312,0.610052141684835,0.7076891359287748,0.6244554512586313,0.6690978345194755,0.6367354802949674,0.0,0.5438550507781874,0.5899629820886257,0.7948605949397947,0.6997089991215054,0.6357471591850721,0.6011639282007892,0.5581978673893944,0.5457537176661712,0.6200101744199416,0.6114554507995877,0.7639751280580684,0.8677630590823966,0.5765002687590418,0.7571171802791369,0.5736572467593564,0.5413825183683392,0.8474229187204286,0.5764736074089871,0.6278219986980964,0.5811929136274643,0.4863974073649775,0.49407440184822915,0.8274978033000987,0.571745276636231,0.6399313690734201,0.6976239887024227,0.5340489952269485,0.7643922803763863,0.48605724527747407,0.6574296540863825
Bandamanna saga according to AM 132 fol (Möðruvallabók)-AM 132 fol (114ra.41–120vb.21),0.49579682980055695,0.4068163558755292,0.4922454627869598,0.6199873184104794,0.5152808873749928,0.5303033342995354,0.5057325397127443,0.5438550507781874,9.070522111187529e-14,0.4906401049927259,0.7497152738716035,0.6093087736968372,0.5668474315727516,0.5135243676621446,0.4627154142642894,0.4545168551928992,0.5126357583858984,0.49454628941888046,0.6954589587339106,0.8470699854493722,0.4359128325917194,0.697874404946942,0.5055943212611933,0.4334190876605588,0.7921399338043356,0.4850179015869026,0.48379453312365905,0.4815710005570494,0.3541265679463109,0.327831955538581,0.7680134185856755,0.46992298565102086,0.5311472127327745,0.6284064607498716,0.4437823070935696,0.6808758457946023,0.3496405702176595,0.5452912631910591
Hallfreðr saga vandraskald-AM 557 4to,0.4920612816349519,0.43124212415949037,0.5246143802712224,0.6419809472820865,0.5631088023145459,0.6034639231197201,0.5885009412513975,0.5899629820886257,0.4906401049927259,5.873079800267078e-14,0.755231853551834,0.6565039324871743,0.571471601700238,0.5213129480074692,0.1821476248208318,0.4511023916037872,0.5508731656442342,0.5327946431953254,0.7361485029184371,0.8564527230909027,0.48904861398647037,0.7086066924746058,0.5293547889637695,0.4713441479200936,0.8280463005562053,0.5288360211994116,0.5523561552738453,0.5113781379747675,0.3858448626614206,0.39947714068081697,0.7967112968992438,0.4910489182903429,0.55460486061353,0.6331846779830321,0.458857140677288,0.6917987836627133,0.4174921264607926,0.5926120598781702
Sveinka þáttr Steinarssonar-AM 557 4to,0.7548963809749347,0.6943754823395896,0.7553984637728576,0.8292686507761943,0.7762616994462851,0.8220403441708739,0.8027479196120194,0.7948605949397947,0.7497152738716035,0.755231853551834,1.887379141862766e-15,0.8257734825785328,0.7772055224757491,0.748400249505327,0.7453606178673444,0.7041784015821818,0.7758304636781137,0.7740523324607036,0.8597644689182421,0.9249051592793891,0.7490142558303794,0.846456678440513,0.7575264276947965,0.7294602981973731,0.9155904959282635,0.758846248310928,0.7781339343530176,0.743659270965504,0.6864917990533601,0.6969988510266716,0.8908328384808449,0.7256497617180508,0.7753250578885762,0.8111790560518368,0.7214114392248222,0.8613823883165986,0.7114589272975538,0.8146033487263376
Valdimars saga-AM 557 4to,0.6533942306698821,0.5758097583178219,0.6468094958105344,0.7453183014593177,0.6640059466184565,0.6915827063592205,0.6665805310814998,0.6997089991215054,0.6093087736968372,0.6565039324871743,0.8257734825785328,4.618527782440651e-14,0.7048558726146472,0.6699225850496646,0.6467322256958685,0.6118375192402983,0.6719296971341703,0.653894295845761,0.7907754157820023,0.8830206324237767,0.6132225719117499,0.7809900308241924,0.660164006419375,0.6233903340096475,0.8547217586037483,0.6579748997305008,0.6605639701232136,0.6291602690021336,0.5698188062948419,0.5382674592667614,0.8382100789491983,0.6189293559219409,0.6728851177783736,0.7499501323478484,0.6022519183797408,0.7800015459015837,0.5854752976246691,0.7156705792634657
Hrafns saga Sveinbjarnarsonar-AM 557 4to,0.559927488868613,0.4803489100281596,0.6053554156547536,0.7185965970565275,0.5897933717526802,0.6553088442868078,0.6645388759904705,0.6357471591850721,0.5668474315727516,0.571471601700238,0.7772055224757491,0.7048558726146472,3.219646771412954e-15,0.5857689917449866,0.5636836295604752,0.48628937440539854,0.5994760741579803,0.5762615452153079,0.7538607782084394,0.8607501501925904,0.541103544976202,0.7359564994981378,0.5603886903522683,0.5354468960067591,0.8319940713448686,0.563137171718942,0.6036722666856295,0.5521277448871056,0.4446400280861794,0.47682847801422135,0.816237086319699,0.5272524917683483,0.6149199408169983,0.6784858685318788,0.48379076703467516,0.7802295444359677,0.4941496337739275,0.654115171401138
Rögnvalldr ok Rauð-AM 557 4to,0.5308219841633669,0.438021090922441,0.5434936822826681,0.6542231011886304,0.5886579822265658,0.6359765968395894,0.6134464956286083,0.6011639282007892,0.5135243676621446,0.5213129480074692,0.748400249505327,0.6699225850496646,0.5857689917449866,2.4980018054066022e-14,0.511383687783225,0.45273776333596794,0.574361941058783,0.559733478295155,0.7385954076940412,0.859228584269212,0.5200678525269649,0.714637725087482,0.5427752006276799,0.47915057961205465,0.8370115813282563,0.5502213454846079,0.576474809106106,0.5173571603545465,0.39198438010258674,0.421541328286165,0.8032014167372198,0.4954050319310196,0.5640272772401913,0.6376256122764193,0.46657467008102227,0.7135130619711414,0.4375346236922143,0.6290081113647619
Hallfreðar saga according to AM 132 fol (Möðruvallabók)-AM 132 fol (149va.32–156rb.10),0.48336392424721863,0.4184679888562908,0.5173167944595192,0.6377051130824687,0.5542556478388937,0.6091923766582139,0.5698863095224567,0.5581978673893944,0.4627154142642894,0.1821476248208318,0.7453606178673444,0.6467322256958685,0.5636836295604752,0.511383687783225,7.294165271787278e-14,0.44230797895486984,0.5468259864523993,0.530199378631009,0.7250941421622183,0.8485320492308732,0.4887217056795681,0.7001294420623183,0.5001190310111155,0.4475906580639629,0.8236578103332467,0.504444725226149,0.5503751756262913,0.49484420341654045,0.373226307377889,0.39157123299271535,0.7940306594749841,0.48300463617318945,0.553347225125016,0.6280748274746687,0.44660846495302176,0.6869242451672899,0.38574251796907255,0.5809943193680578
Codex Frisianus-AM 45 fol.,0.4616018722522467,0.31845536543333286,0.48750087238714823,0.6269800024834884,0.49298269848771925,0.5501887130692277,0.5791567048337023,0.5457537176661712,0.4545168551928992,0.4511023916037872,0.7041784015821818,0.6118375192402983,0.48628937440539854,0.45273776333596794,0.44230797895486984,2.853273173286652e-14,0.4828039072045124,0.46334137731222325,0.6888185092288561,0.8265863889274943,0.4103166131124135,0.6600948829195136,0.450384963729049,0.40842515609764607,0.7938347830835848,0.4642402398171134,0.5011667430564954,0.42533208910364495,0.26383900099079516,0.3024439271869437,0.76058137021411,0.3704775492062671,0.47950980357242134,0.5731016372118476,0.3652505826724801,0.6851516693204949,0.354988015704537,0.5594069623783098
Gregory’s Homilies on the Gospels-AM 677 4to,0.5724917230456725,0.453310035920647,0.564002995792998,0.6826645595182841,0.4702120508887798,0.4396491492950526,0.5884275424567578,0.6200101744199416,0.5126357583858984,0.5508731656442342,0.7758304636781137,0.6719296971341703,0.5994760741579803,0.574361941058783,0.5468259864523993,0.4828039072045124,0.0,0.4877311532504749,0.7165535177390641,0.8401603397524229,0.43535269907355645,0.7121280000762331,0.5690484043724573,0.5171790590430476,0.7454928050612668,0.5473848077693346,0.42975151178494875,0.5331890998298503,0.43244133923397254,0.3760122818086242,0.7849366543098483,0.48069395127431835,0.5715645123308607,0.23818208624405535,0.5029106082603257,0.7451136701987322,0.4502656834144957,0.6081232875902158
Bǿjarlǫg ok Farmannalǫg Magnúss Hákonarsonar | Magnus Lagabøtes bylov og farmannslov-Holm perg 34 4to,0.5511953144672855,0.434509216891656,0.5451241462277476,0.669784365200086,0.51283741377005,0.5056868871763752,0.5879683754627405,0.6114554507995877,0.49454628941888046,0.5327946431953254,0.7740523324607036,0.653894295845761,0.5762615452153079,0.559733478295155,0.530199378631009,0.46334137731222325,0.4877311532504749,4.618527782440651e-14,0.6921269744472298,0.8448091150779222,0.1706683217364915,0.7118963358989235,0.5554980426878953,0.5044461108896898,0.7742335976530009,0.5407827630794777,0.46644270764802664,0.5121467988768522,0.4067676095528763,0.36277396392186845,0.742197485111458,0.4848942598064513,0.5601992254613439,0.6223100855523307,0.4856975785201958,0.7437684526767251,0.43716193251965196,0.6016801639403719
"Ór lǽknisbók The fragment is unnamed, but Konráð Gíslason named his edition of the text
                    Úr læknisbók, which is published in Fire og fyrretyve for en stor deel forhen
                    utrykte prøver af oldnordisk sprog og literatur (1860)-AM 655 XXX 4to",0.7273239221901575,0.669790955110261,0.7449159851099737,0.8215878209437062,0.7034738211053129,0.7207829387676188,0.7286030027601273,0.7639751280580684,0.6954589587339106,0.7361485029184371,0.8597644689182421,0.7907754157820023,0.7538607782084394,0.7385954076940412,0.7250941421622183,0.6888185092288561,0.7165535177390641,0.6921269744472298,1.4654943925052066e-14,0.9012873039837456,0.6720438627610956,0.8210766370319724,0.7304901090124365,0.7038519985440973,0.8717525724169118,0.7383586022512139,0.7025509751813548,0.7074459623111506,0.6592161751731167,0.642908957998894,0.8555751818570162,0.7012209222620068,0.7583123550249554,0.7894127759478372,0.6869895631886226,0.8647793249660212,0.6766278224190061,0.7794548904659241
Völuspá in Codex Regius-GKS 2365 4to,0.8537480444699529,0.8225875145513811,0.8662559508892727,0.8953680096010885,0.851895038024499,0.874214497151803,0.8555624544554024,0.8677630590823966,0.8470699854493722,0.8564527230909027,0.9249051592793891,0.8830206324237767,0.8607501501925904,0.859228584269212,0.8485320492308732,0.8265863889274943,0.8401603397524229,0.8448091150779222,0.9012873039837456,0.0,0.8334598723434907,0.9035956740443698,0.8489567506761699,0.8474185225002209,0.9316262256335324,0.8527630148631204,0.8527403834106217,0.8452013072995184,0.816533031788782,0.8227046567408194,0.9330131157735981,0.8346181007458553,0.87193643699615,0.8867704978740916,0.8203283603636566,0.9205432279954902,0.8281876506256914,0.887921425133578
Landslǫg Magnúss Hákonarsonar | Magnus Lagabøtes landslov-Holm perg 34 4to,0.5079400044403977,0.38368033328398465,0.497633007056537,0.6325505468006399,0.4635806084566466,0.433526354201097,0.5366031901958257,0.5765002687590418,0.4359128325917194,0.48904861398647037,0.7490142558303794,0.6132225719117499,0.541103544976202,0.5200678525269649,0.4887217056795681,0.4103166131124135,0.43535269907355645,0.1706683217364915,0.6720438627610956,0.8334598723434907,0.0,0.6840755728165111,0.5194558562441551,0.45819034178261964,0.7418947203333612,0.4994915541632381,0.3937448112545291,0.4677144539227349,0.3566707223626613,0.28146735344644047,0.7129941380334525,0.4292981688976004,0.5083864468993444,0.5930564401876747,0.4455899502295939,0.7091625051952197,0.3846531107402399,0.5570071385990818
Eiríks saga víðförla-AM 557 4to,0.6968077769764731,0.644575034102901,0.7063925498148153,0.7930073218500866,0.6924384529646702,0.7495615703865616,0.7344090529551124,0.7571171802791369,0.697874404946942,0.7086066924746058,0.846456678440513,0.7809900308241924,0.7359564994981378,0.714637725087482,0.7001294420623183,0.6600948829195136,0.7121280000762331,0.7118963358989235,0.8210766370319724,0.9035956740443698,0.6840755728165111,6.328271240363392e-15,0.718299420342406,0.695191953302652,0.8696042994503005,0.7147460930426106,0.6982420457901795,0.6861604514702399,0.6282876458393496,0.6324329992668949,0.8648274385664921,0.6795373249381857,0.7281644358831391,0.7818842633364453,0.6291119087453334,0.810600116015356,0.6665116918658119,0.767739797790267
Droplaugasona saga according to AM 132 fol (Möðruvallabók)-AM 132 fol (141va.3–147vb.4),0.529774895557195,0.43752522847877207,0.5518556681087036,0.668613015844305,0.568807559327156,0.636742632673895,0.6107673178479576,0.5736572467593564,0.5055943212611933,0.5293547889637695,0.7575264276947965,0.660164006419375,0.5603886903522683,0.5427752006276799,0.5001190310111155,0.450384963729049,0.5690484043724573,0.5554980426878953,0.7304901090124365,0.8489567506761699,0.5194558562441551,0.718299420342406,2.6201263381153694e-14,0.4700263442819548,0.8333728445725708,0.5063761200517404,0.5864954826067048,0.512622140169598,0.3837874401076583,0.4329160320469049,0.805855956125705,0.4912627737565931,0.5897771818000459,0.6435629864478702,0.44702451577328073,0.7435909296200429,0.4102826983134653,0.6005517323366941
Finnboga saga according to AM 132 fol (Möðruvallabók)-AM 132 fol (100ra.1–114ra.41),0.47828128801559844,0.371631831225123,0.508060394460522,0.6246829039277491,0.5281271079356791,0.576440766562558,0.5604714306196791,0.5413825183683392,0.4334190876605588,0.4713441479200936,0.7294602981973731,0.6233903340096475,0.5354468960067591,0.47915057961205465,0.4475906580639629,0.40842515609764607,0.5171790590430476,0.5044461108896898,0.7038519985440973,0.8474185225002209,0.45819034178261964,0.695191953302652,0.4700263442819548,7.183142969324763e-14,0.8164587495058122,0.45657113050480447,0.5222756580714965,0.46212122793302335,0.3442941722432773,0.3414699931564922,0.7714548437729919,0.43782664501954516,0.5262395317698908,0.6001204259747933,0.40936370984338266,0.7051567050563723,0.35203919136165085,0.5642961077552311
De xii abusivis saeculi-AM 677 4to,0.8242481106629986,0.781574009929751,0.817892031791006,0.8796980264766162,0.7541717422012335,0.7452722684896511,0.8121665414641197,0.8474229187204286,0.7921399338043356,0.8280463005562053,0.9155904959282635,0.8547217586037483,0.8319940713448686,0.8370115813282563,0.8236578103332467,0.7938347830835848,0.7454928050612668,0.7742335976530009,0.8717525724169118,0.9316262256335324,0.7418947203333612,0.8696042994503005,0.8333728445725708,0.8164587495058122,6.106226635438361e-15,0.8228740368816759,0.728800326046626,0.8038571110765882,0.776820721386923,0.7302674047821853,0.8962309044130808,0.7891950169302319,0.8209800557199018,0.8546772224813464,0.8035757493625032,0.897237231243308,0.7925636056744904,0.8429675629652489
Fóstbræðra saga according to AM 132 fol (Möðruvallabók)-AM 132 fol (198rb.8–201vb.41),0.5377303111189504,0.4362921049863233,0.5486352838023012,0.6678564051711187,0.5502122582008344,0.6070218587015904,0.6033608577733771,0.5764736074089871,0.4850179015869026,0.5288360211994116,0.758846248310928,0.6579748997305008,0.563137171718942,0.5502213454846079,0.504444725226149,0.4642402398171134,0.5473848077693346,0.5407827630794777,0.7383586022512139,0.8527630148631204,0.4994915541632381,0.7147460930426106,0.5063761200517404,0.45657113050480447,0.8228740368816759,1.887379141862766e-15,0.5583875464492039,0.5165412725414571,0.4013199345543672,0.4025051219893693,0.7987612536402207,0.4926967150418301,0.5744623582299193,0.6473776629428901,0.44748939368748886,0.7330656965991185,0.41845821250106485,0.6012668828452519
De virtutibus et vitiis-AM 619 4to,0.5624189094376862,0.456396629081815,0.5619566398426445,0.6771742045445095,0.43981603856543505,0.43405655979901914,0.5247149109821381,0.6278219986980964,0.48379453312365905,0.5523561552738453,0.7781339343530176,0.6605639701232136,0.6036722666856295,0.576474809106106,0.5503751756262913,0.5011667430564954,0.42975151178494875,0.46644270764802664,0.7025509751813548,0.8527403834106217,0.3937448112545291,0.6982420457901795,0.5864954826067048,0.5222756580714965,0.728800326046626,0.5583875464492039,2.353672812205332e-14,0.5302087450770221,0.4539447167509678,0.3410942840364578,0.7523782167644283,0.47334879387033624,0.5587435891957742,0.6307280180745032,0.518792494293565,0.7321034274322991,0.4583415367045093,0.6069579165535368
Trójumanna saga-AM 573 4to,0.5138171486841094,0.37329974409980105,0.532579316492254,0.6636518399788172,0.524812145366526,0.5928038991105721,0.5591538456201867,0.5811929136274643,0.4815710005570494,0.5113781379747675,0.743659270965504,0.6291602690021336,0.5521277448871056,0.5173571603545465,0.49484420341654045,0.42533208910364495,0.5331890998298503,0.5121467988768522,0.7074459623111506,0.8452013072995184,0.4677144539227349,0.6861604514702399,0.512622140169598,0.46212122793302335,0.8038571110765882,0.5165412725414571,0.5302087450770221,3.0309088572266774e-14,0.36988445884960197,0.36040734789376505,0.7762251940502897,0.45152636196472296,0.5529456199951273,0.623493635069641,0.43414824531634477,0.731254067935984,0.41192956608507225,0.6049118567561801
Egils saga Skalla-Grímssonar in Wolfenbüttelbók-WolfAug 9 10 4to,0.40202997415860264,0.2664992142630377,0.4196416197795336,0.5813034525601033,0.4365352443883078,0.5081074707881115,0.5063863865227382,0.4863974073649775,0.3541265679463109,0.3858448626614206,0.6864917990533601,0.5698188062948419,0.4446400280861794,0.39198438010258674,0.373226307377889,0.26383900099079516,0.43244133923397254,0.4067676095528763,0.6592161751731167,0.816533031788782,0.3566707223626613,0.6282876458393496,0.3837874401076583,0.3442941722432773,0.776820721386923,0.4013199345543672,0.4539447167509678,0.36988445884960197,0.0,0.24846456144150664,0.7434404367523836,0.3476912783473881,0.443408570178889,0.5354762379486688,0.3017655790935332,0.646159889670189,0.27958312725458223,0.49790412250429494
Alexanders saga-AM 519 a 4to,0.42025518803369966,0.2598588333071219,0.41342835045754034,0.5693349644513712,0.39548984055879677,0.3851950231357363,0.4484311173767008,0.49407440184822915,0.327831955538581,0.39947714068081697,0.6969988510266716,0.5382674592667614,0.47682847801422135,0.421541328286165,0.39157123299271535,0.3024439271869437,0.3760122818086242,0.36277396392186845,0.642908957998894,0.8227046567408194,0.28146735344644047,0.6324329992668949,0.4329160320469049,0.3414699931564922,0.7302674047821853,0.4025051219893693,0.3410942840364578,0.36040734789376505,0.24846456144150664,7.827072323607354e-14,0.7022001932732448,0.3223827698133671,0.4146946357274054,0.536583618267084,0.34071135613327475,0.6380979101879327,0.2708787928464852,0.4861775510283727
A fragment of Konungs skuggsjá-AM 1056 IX 4to,0.7945773200849578,0.7401745744994424,0.8000603668823121,0.8560888446792986,0.7757668074268431,0.7731060856697789,0.7984606162566236,0.8274978033000987,0.7680134185856755,0.7967112968992438,0.8908328384808449,0.8382100789491983,0.816237086319699,0.8032014167372198,0.7940306594749841,0.76058137021411,0.7849366543098483,0.742197485111458,0.8555751818570162,0.9330131157735981,0.7129941380334525,0.8648274385664921,0.805855956125705,0.7714548437729919,0.8962309044130808,0.7987612536402207,0.7523782167644283,0.7762251940502897,0.7434404367523836,0.7022001932732448,1.4432899320127035e-15,0.7611812011445811,0.8016545498221299,0.8476518076928002,0.7685322504937275,0.8889410542722959,0.7515982205667804,0.831386038262973
Reynistaðarbók-AM 764 4to,0.4938863430556172,0.3487301739873424,0.5218383471836612,0.6463599139979352,0.4849739346464257,0.5441926589671828,0.5643217797779216,0.571745276636231,0.46992298565102086,0.4910489182903429,0.7256497617180508,0.6189293559219409,0.5272524917683483,0.4954050319310196,0.48300463617318945,0.3704775492062671,0.48069395127431835,0.4848942598064513,0.7012209222620068,0.8346181007458553,0.4292981688976004,0.6795373249381857,0.4912627737565931,0.43782664501954516,0.7891950169302319,0.4926967150418301,0.47334879387033624,0.45152636196472296,0.3476912783473881,0.3223827698133671,0.7611812011445811,0.0,0.5113826237372094,0.5864623449047938,0.41037602136644713,0.7217244351692075,0.3888352456785509,0.5881134611867396
Dámusta saga-AM 557 4to,0.5637015278900042,0.47233045254212713,0.5703270972034464,0.6710318166146065,0.5883242474967096,0.599445089511194,0.6166276831059242,0.6399313690734201,0.5311472127327745,0.55460486061353,0.7753250578885762,0.6728851177783736,0.6149199408169983,0.5640272772401913,0.553347225125016,0.47950980357242134,0.5715645123308607,0.5601992254613439,0.7583123550249554,0.87193643699615,0.5083864468993444,0.7281644358831391,0.5897771818000459,0.5262395317698908,0.8209800557199018,0.5744623582299193,0.5587435891957742,0.5529456199951273,0.443408570178889,0.4146946357274054,0.8016545498221299,0.5113826237372094,0.0,0.6662927554478719,0.5189077040686749,0.70439157865018,0.47909701571412,0.6316306601150647
Gregory’s Dialogues-AM 677 4to,0.6516595143955222,0.5548652820681932,0.6627750870661799,0.7418975998467137,0.6443630584931799,0.6060859380495888,0.7023384552848659,0.6976239887024227,0.6284064607498716,0.6331846779830321,0.8111790560518368,0.7499501323478484,0.6784858685318788,0.6376256122764193,0.6280748274746687,0.5731016372118476,0.23818208624405535,0.6223100855523307,0.7894127759478372,0.8867704978740916,0.5930564401876747,0.7818842633364453,0.6435629864478702,0.6001204259747933,0.8546772224813464,0.6473776629428901,0.6307280180745032,0.623493635069641,0.5354762379486688,0.536583618267084,0.8476518076928002,0.5864623449047938,0.6662927554478719,1.4721557306529576e-13,0.6009180210472741,0.7979393566703725,0.5533780154094033,0.6938161524239428
Eiríks saga rauða-AM 557 4to,0.44731583957451737,0.34184039071457084,0.4724876412151766,0.6303809614470295,0.4868769993097928,0.5798687523723947,0.5492011808500329,0.5340489952269485,0.4437823070935696,0.458857140677288,0.7214114392248222,0.6022519183797408,0.48379076703467516,0.46657467008102227,0.44660846495302176,0.3652505826724801,0.5029106082603257,0.4856975785201958,0.6869895631886226,0.8203283603636566,0.4455899502295939,0.6291119087453334,0.44702451577328073,0.40936370984338266,0.8035757493625032,0.44748939368748886,0.518792494293565,0.43414824531634477,0.3017655790935332,0.34071135613327475,0.7685322504937275,0.41037602136644713,0.5189077040686749,0.6009180210472741,3.952393967665557e-14,0.7083703279570546,0.355495838276232,0.5669577549379355
Stúfs þáttr Kattarsonar-AM 557 4to,0.6995746764060111,0.6870608891434379,0.6757492859387535,0.7537225810316435,0.7491743355907927,0.7600736935725714,0.7274477902375711,0.7643922803763863,0.6808758457946023,0.6917987836627133,0.8613823883165986,0.7800015459015837,0.7802295444359677,0.7135130619711414,0.6869242451672899,0.6851516693204949,0.7451136701987322,0.7437684526767251,0.8647793249660212,0.9205432279954902,0.7091625051952197,0.810600116015356,0.7435909296200429,0.7051567050563723,0.897237231243308,0.7330656965991185,0.7321034274322991,0.731254067935984,0.646159889670189,0.6380979101879327,0.8889410542722959,0.7217244351692075,0.70439157865018,0.7979393566703725,0.7083703279570546,3.885780586188048e-15,0.653306940308242,0.7430872469863029
Víga-Glúms saga according to AM 132 fol (Möðruvallabók)-AM 132 fol (129rb.8–141va.32),0.43211343360467036,0.31685320843826725,0.4475716997567206,0.5812001205590293,0.4719268056450575,0.510124345293719,0.4965178908765949,0.48605724527747407,0.3496405702176595,0.4174921264607926,0.7114589272975538,0.5854752976246691,0.4941496337739275,0.4375346236922143,0.38574251796907255,0.354988015704537,0.4502656834144957,0.43716193251965196,0.6766278224190061,0.8281876506256914,0.3846531107402399,0.6665116918658119,0.4102826983134653,0.35203919136165085,0.7925636056744904,0.41845821250106485,0.4583415367045093,0.41192956608507225,0.27958312725458223,0.2708787928464852,0.7515982205667804,0.3888352456785509,0.47909701571412,0.5533780154094033,0.355495838276232,0.653306940308242,0.0,0.5031413563603626
Ölkofra þáttur according to AM 132 fol (Möðruvallabók)-AM 132 fol (147vb.5–149va.31),0.6086690676298072,0.5413154261041069,0.6060979628117367,0.7055972891124056,0.6246210235715857,0.6286276684448844,0.6420517031906638,0.6574296540863825,0.5452912631910591,0.5926120598781702,0.8146033487263376,0.7156705792634657,0.654115171401138,0.6290081113647619,0.5809943193680578,0.5594069623783098,0.6081232875902158,0.6016801639403719,0.7794548904659241,0.887921425133578,0.5570071385990818,0.767739797790267,0.6005517323366941,0.5642961077552311,0.8429675629652489,0.6012668828452519,0.6069579165535368,0.6049118567561801,0.49790412250429494,0.4861775510283727,0.831386038262973,0.5881134611867396,0.6316306601150647,0.6938161524239428,0.5669577549379355,0.7430872469863029,0.5031413563603626,0.0
