,Gunnlaugs saga Ormstungu-AM 557 4to,Breta sǫgur-AM 573 4to,Karls þáttr vesæla-AM 557 4to,Hróa þáttr heimska-AM 557 4to,Old Norwegian Homily Book-AM 619 4to,Prosper’s Epigrams-AM 677 4to,Pamphilus saga-DG 4-7,Kormáks saga according to AM 132 fol (Möðruvallabók)-AM 132 fol (120vb.21–129rb.7),Bandamanna saga according to AM 132 fol (Möðruvallabók)-AM 132 fol (114ra.41–120vb.21),Hallfreðr saga vandraskald-AM 557 4to,Sveinka þáttr Steinarssonar-AM 557 4to,Valdimars saga-AM 557 4to,Hrafns saga Sveinbjarnarsonar-AM 557 4to,Rögnvalldr ok Rauð-AM 557 4to,Hallfreðar saga according to AM 132 fol (Möðruvallabók)-AM 132 fol (149va.32–156rb.10),Codex Frisianus-AM 45 fol.,Gregory’s Homilies on the Gospels-AM 677 4to,Bǿjarlǫg ok Farmannalǫg Magnúss Hákonarsonar | Magnus Lagabøtes bylov og farmannslov-Holm perg 34 4to,"Ór lǽknisbók The fragment is unnamed, but Konráð Gíslason named his edition of the text
                    Úr læknisbók, which is published in Fire og fyrretyve for en stor deel forhen
                    utrykte prøver af oldnordisk sprog og literatur (1860)-AM 655 XXX 4to",Völuspá in Codex Regius-GKS 2365 4to,Landslǫg Magnúss Hákonarsonar | Magnus Lagabøtes landslov-Holm perg 34 4to,Eiríks saga víðförla-AM 557 4to,Droplaugasona saga according to AM 132 fol (Möðruvallabók)-AM 132 fol (141va.3–147vb.4),Finnboga saga according to AM 132 fol (Möðruvallabók)-AM 132 fol (100ra.1–114ra.41),De xii abusivis saeculi-AM 677 4to,Fóstbræðra saga according to AM 132 fol (Möðruvallabók)-AM 132 fol (198rb.8–201vb.41),De virtutibus et vitiis-AM 619 4to,Trójumanna saga-AM 573 4to,Egils saga Skalla-Grímssonar in Wolfenbüttelbók-WolfAug 9 10 4to,Alexanders saga-AM 519 a 4to,A fragment of Konungs skuggsjá-AM 1056 IX 4to,Reynistaðarbók-AM 764 4to,Dámusta saga-AM 557 4to,Gregory’s Dialogues-AM 677 4to,Eiríks saga rauða-AM 557 4to,Stúfs þáttr Kattarsonar-AM 557 4to,Víga-Glúms saga according to AM 132 fol (Möðruvallabók)-AM 132 fol (129rb.8–141va.32),Ölkofra þáttur according to AM 132 fol (Möðruvallabók)-AM 132 fol (147vb.5–149va.31)
Gunnlaugs saga Ormstungu-AM 557 4to,6.661338147750939e-15,0.48391006157960836,0.5379386821917429,0.49755787968294085,0.6970415989826586,0.7920227394208288,0.6174020517450893,0.5204323156099435,0.5231506610755485,0.3190563938625335,0.7599245306961095,0.6156721778284149,0.5104465733275628,0.5006930426276168,0.36760140773638783,0.5222782491934546,0.78380030710358,0.7292805353418099,0.8660532318936726,0.78582388272099,0.6900132323342896,0.6678447074008409,0.5687830657935309,0.37740614628452784,0.9091369357441181,0.5874132916855861,0.7277443307997966,0.5376723533895621,0.4592825620916202,0.4989402979847718,0.9216571424770277,0.5963424632769632,0.5056402111429077,0.8335974218520534,0.40538055866683553,0.5261964551984414,0.5044810961291626,0.5189126054460009
Breta sǫgur-AM 573 4to,0.48391006157960836,0.0,0.5210345770533382,0.5610336225522075,0.5504963848319477,0.6769938938333457,0.6251669756540679,0.4960845764577446,0.508802358401782,0.36487886427254235,0.713778011067109,0.5340101990912938,0.49664292689985745,0.4824919031803018,0.39932388532692176,0.34964537524217953,0.6815751239825995,0.6343006837046222,0.8404424593175401,0.7581453399870656,0.5839092630338854,0.646109820577629,0.5322836757151947,0.32838275240330084,0.8553644209863382,0.5017966510306879,0.6403962482670601,0.3262126025032115,0.3555688671724365,0.25940490679394934,0.8773492579934102,0.4229675116054521,0.4458547132331441,0.7829197834063849,0.3574729833729027,0.6367475084941493,0.4664505061242834,0.5026915458219439
Karls þáttr vesæla-AM 557 4to,0.5379386821917429,0.5210345770533382,0.0,0.5374809281529538,0.6648557608205796,0.7677937845198943,0.6066908178805923,0.5916193865852195,0.534118857996998,0.4306429259944097,0.7309625089463885,0.6069302523631865,0.6765889137015606,0.520493416173841,0.4514390973196738,0.5992884115550807,0.7573546322367919,0.7167048786823981,0.880513354695508,0.82991855276432,0.6765139527910069,0.6668630389624965,0.6264545518761115,0.48874360773739,0.8633457513502474,0.6219882235931,0.7203122971652405,0.56831833829203,0.5157098518478764,0.4905055117846848,0.9207665816969659,0.6700651409145745,0.5479002845823799,0.8430922497019006,0.4911809565690497,0.5122552978945532,0.5626666985161795,0.5639549441651721
Hróa þáttr heimska-AM 557 4to,0.49755787968294085,0.5610336225522075,0.5374809281529538,1.2212453270876722e-15,0.7224671506955789,0.8054018104435443,0.5385073147112385,0.5793164342033914,0.5146379512857631,0.4380191486330075,0.8006424722185594,0.6050783056644367,0.7124177035852495,0.5459670941675385,0.46211389674545233,0.6535094777053603,0.7942942520998807,0.7609174576882701,0.9069441799196303,0.7652943926227077,0.7069658218344603,0.6862134304942762,0.6397071253546125,0.481170022466919,0.9092376170153044,0.6376108395376663,0.7249303130685538,0.5978775973438396,0.5776213863339559,0.5170445623068424,0.9283266394091403,0.6805562919120494,0.5317090998271512,0.8545619517161033,0.5705426779413119,0.5059046925137576,0.5509885947138133,0.5706427327005938
Old Norwegian Homily Book-AM 619 4to,0.6970415989826586,0.5504963848319477,0.6648557608205796,0.7224671506955789,0.0,0.5671921369203352,0.7153739107938607,0.6868606808319959,0.6769908551056958,0.6107276603720078,0.8288057551085455,0.7451098371261746,0.6823910819621894,0.7152630895421364,0.6265639035182553,0.6748849279422757,0.5655945817958108,0.7051707187104044,0.8864092981762997,0.8453507786778911,0.6784445409863578,0.7012758619972781,0.7198163337409079,0.592098053480526,0.728655373236462,0.6499302754822952,0.436341881586347,0.6324032750684284,0.6246709463583017,0.5183389837775505,0.8984591161949051,0.5935220532149007,0.67643710095039,0.7983956322877063,0.5963137124938829,0.769992817075914,0.6600532272707624,0.6604912733059556
Prosper’s Epigrams-AM 677 4to,0.7920227394208288,0.6769938938333457,0.7677937845198943,0.8054018104435443,0.5671921369203352,0.0,0.7323514743352734,0.7520968103414218,0.7082248748730025,0.731390866145129,0.8825473742413555,0.7853721159156378,0.8119617654906832,0.7743438084019729,0.7316865347507551,0.7922782540433841,0.48338741673191665,0.7122386329490178,0.8511585139039117,0.8282339317857446,0.6537782569996,0.7933085927060671,0.8057200412723463,0.6740128213684244,0.7010410520015394,0.757056405454198,0.48675858055958965,0.7134974466605453,0.7604626533748231,0.5455535235066367,0.8639415653468341,0.7226456739430205,0.7762240896575162,0.6544276162290565,0.7583094838679272,0.870145618104357,0.7166863527790208,0.7508841436217673
Pamphilus saga-DG 4-7,0.6174020517450893,0.6251669756540679,0.6066908178805923,0.5385073147112385,0.7153739107938607,0.7323514743352734,0.0,0.6235728047174474,0.5012945640269186,0.5669674825733352,0.8602331786268381,0.6434376291977808,0.8315036153886041,0.6658239123257421,0.5427044611989251,0.8232534762677881,0.7745492655990114,0.8121485976594522,0.8776435642087912,0.7930997985553778,0.7536041863985051,0.7855288983036393,0.7477860724526764,0.5749057377181143,0.887730436127255,0.7150102007772581,0.6036461911178463,0.6202013776961837,0.6969845376277831,0.5367156791013563,0.9279305677070974,0.7405653785137989,0.6313983314192171,0.8553932638601356,0.6913996412254464,0.6215195103970127,0.5990689568054951,0.5962323496259769
Kormáks saga according to AM 132 fol (Möðruvallabók)-AM 132 fol (120vb.21–129rb.7),0.5204323156099435,0.4960845764577446,0.5916193865852195,0.5793164342033914,0.6868606808319959,0.7520968103414218,0.6235728047174474,5.662137425588298e-15,0.4686310812315637,0.44561742808658256,0.8002600506232315,0.628610861019363,0.6015435168312536,0.538995686099474,0.36498557176117696,0.5780183102622334,0.7493598118652995,0.7150162402858766,0.8450204440186732,0.7485345012303284,0.6862983567503251,0.7522572613424025,0.5135938481374902,0.3518780470894094,0.8763995505486419,0.5100929404411223,0.7281539449698469,0.5370186114999769,0.4995875465684999,0.4687612290450701,0.9214149207953228,0.6282673315708576,0.5891810387567978,0.8323933104571469,0.47370123553714083,0.6615049619357547,0.4445316409785095,0.5311703856280505
Bandamanna saga according to AM 132 fol (Möðruvallabók)-AM 132 fol (114ra.41–120vb.21),0.5231506610755485,0.508802358401782,0.534118857996998,0.5146379512857631,0.6769908551056958,0.7082248748730025,0.5012945640269186,0.4686310812315637,1.3322676295501878e-15,0.45186576236631515,0.7936528122300687,0.5806315612102542,0.6826756341790784,0.5527927663588453,0.38474816150289304,0.6622115232163976,0.750410797491831,0.6936280587043012,0.8538976751360143,0.781503583503161,0.6438479046605352,0.7427737943669757,0.5994192658208045,0.3601737120792833,0.8743614545483219,0.5369805372678909,0.6550984958855195,0.5270914358940979,0.46259321575253476,0.41614217276751797,0.9092742063869733,0.6649549908618364,0.5659906162521797,0.8328309562174904,0.5477433942679502,0.5970139511264394,0.39669839246263483,0.4687101956802242
Hallfreðr saga vandraskald-AM 557 4to,0.3190563938625335,0.36487886427254235,0.4306429259944097,0.4380191486330075,0.6107276603720078,0.731390866145129,0.5669674825733352,0.44561742808658256,0.45186576236631515,0.0,0.7165315845170244,0.5692826843404193,0.5049322599262862,0.40228695819136495,0.17696031642874888,0.42983838067207436,0.7184688454635417,0.6501918513941252,0.8276008735090474,0.7344346926612717,0.61342334790955,0.6071784045559219,0.5055693705735371,0.2831918251399481,0.8821477235110363,0.5012505565525043,0.6524081236265468,0.4276987015239704,0.34404053399253653,0.3741728686405009,0.8998367304197442,0.5384544423142381,0.444495644743959,0.7950178297040761,0.3544756037053056,0.48067112493609954,0.4164885234708734,0.44232390321244575
Sveinka þáttr Steinarssonar-AM 557 4to,0.7599245306961095,0.713778011067109,0.7309625089463885,0.8006424722185594,0.8288057551085455,0.8825473742413555,0.8602331786268381,0.8002600506232315,0.7936528122300687,0.7165315845170244,0.0,0.8337863700893539,0.7903314602566456,0.7404804785157311,0.7336485189476515,0.70250189449489,0.8706915090409693,0.8800043918329249,0.9230037304374186,0.9034496056900154,0.8380341316719614,0.8379536865117654,0.8168125070837183,0.7256366431430602,0.953096972138181,0.7935320167194391,0.838831779334191,0.7791698417637489,0.7267222522789536,0.6994494536626227,0.9420983001468921,0.7716585144336137,0.7309252902512214,0.9094780290387677,0.7571943942925436,0.7909225855603914,0.7867983696842186,0.8095716885596111
Valdimars saga-AM 557 4to,0.6156721778284149,0.5340101990912938,0.6069302523631865,0.6050783056644367,0.7451098371261746,0.7853721159156378,0.6434376291977808,0.628610861019363,0.5806315612102542,0.5692826843404193,0.8337863700893539,2.220446049250313e-16,0.7553778032304719,0.6432759972963598,0.573359707560409,0.6613627567325471,0.7998930205859816,0.7430311428589677,0.8754640599040298,0.7805727572688228,0.6911615635430947,0.7629170392394403,0.685628459315078,0.5288858490717292,0.8855292440593772,0.6676807975586938,0.7720223894467322,0.5675073841672662,0.6216879755734037,0.4957238166956167,0.920185813828483,0.6531735781987671,0.5906897516365519,0.8661354833809798,0.5852531347147212,0.6475459285885723,0.6307842856385106,0.6669618580114294
Hrafns saga Sveinbjarnarsonar-AM 557 4to,0.5104465733275628,0.49664292689985745,0.6765889137015606,0.7124177035852495,0.6823910819621894,0.8119617654906832,0.8315036153886041,0.6015435168312536,0.6826756341790784,0.5049322599262862,0.7903314602566456,0.7553778032304719,2.7755575615628914e-15,0.6052155721392243,0.5318924864800573,0.4845162005412521,0.7874647771145059,0.7273458875055399,0.876148633580506,0.8016311420828285,0.7160490920085898,0.7606533119837307,0.5761641011026353,0.4748038884280795,0.9106032537313713,0.5796987175682421,0.7816972119516723,0.567641518391957,0.4875479325115881,0.5590324189290095,0.9323299664805489,0.5904646885961295,0.613943256313638,0.8474214380879765,0.426478700344773,0.7877667309313473,0.5896643129865131,0.619013743511048
Rögnvalldr ok Rauð-AM 557 4to,0.5006930426276168,0.4824919031803018,0.520493416173841,0.5459670941675385,0.7152630895421364,0.7743438084019729,0.6658239123257421,0.538995686099474,0.5527927663588453,0.40228695819136495,0.7404804785157311,0.6432759972963598,0.6052155721392243,0.0,0.4370961486477736,0.5034863490558832,0.7828382524115407,0.7439121636100011,0.8623118587558953,0.7929526053891044,0.7015337713132652,0.683202473808338,0.6097329697998177,0.424896109711527,0.9054692399864099,0.6173298439094814,0.742998519914079,0.5276825047138722,0.4831935783379646,0.46664787907121474,0.9347074588344941,0.6108986011240565,0.5148594052504554,0.8269209765254046,0.46752590832407115,0.5711835227312814,0.5350163166509139,0.583738956662725
Hallfreðar saga according to AM 132 fol (Möðruvallabók)-AM 132 fol (149va.32–156rb.10),0.36760140773638783,0.39932388532692176,0.4514390973196738,0.46211389674545233,0.6265639035182553,0.7316865347507551,0.5427044611989251,0.36498557176117696,0.38474816150289304,0.17696031642874888,0.7336485189476515,0.573359707560409,0.5318924864800573,0.4370961486477736,5.551115123125783e-16,0.4679261259570032,0.7211246604790049,0.6648185954596009,0.8283595094883324,0.737861771700729,0.630879407115758,0.6374010142757995,0.4660682501705874,0.24494394381036078,0.8832713776671959,0.4649787759665903,0.6653741893481179,0.44103265680985404,0.37250175296518995,0.3726797595309188,0.9108318571917625,0.567249196890149,0.4705559406060287,0.7993143830614331,0.3914515611899917,0.4748753828827966,0.3502945992924461,0.41069787624251264
Codex Frisianus-AM 45 fol.,0.5222782491934546,0.34964537524217953,0.5992884115550807,0.6535094777053603,0.6748849279422757,0.7922782540433841,0.8232534762677881,0.5780183102622334,0.6622115232163976,0.42983838067207436,0.70250189449489,0.6613627567325471,0.4845162005412521,0.5034863490558832,0.4679261259570032,3.9968028886505635e-15,0.7617379589389922,0.725377377059351,0.8558934024796369,0.791514650675375,0.6779725880383234,0.6541953217635379,0.5409284809982553,0.4414280894697906,0.9097634008398409,0.5716911784486555,0.7878009222534292,0.47945461452660887,0.3230923518122397,0.4176948919218293,0.9246593627549176,0.44201399943361497,0.47281740205741807,0.8154612813568121,0.388236292909401,0.6492112743449909,0.5660953390851797,0.5979342679588544
Gregory’s Homilies on the Gospels-AM 677 4to,0.78380030710358,0.6815751239825995,0.7573546322367919,0.7942942520998807,0.5655945817958108,0.48338741673191665,0.7745492655990114,0.7493598118652995,0.750410797491831,0.7184688454635417,0.8706915090409693,0.7998930205859816,0.7874647771145059,0.7828382524115407,0.7211246604790049,0.7617379589389922,1.4432899320127035e-15,0.7892756405806907,0.9107697137492992,0.7969873968396429,0.7595641434524121,0.7788317694405982,0.7904095759248886,0.6858415101982775,0.7344131218488097,0.7387190324037352,0.5834737337189739,0.7259812243438937,0.7359781705946074,0.6141130627260714,0.9343672222000905,0.7154402672200335,0.7576928557146683,0.1615004492026395,0.715303720236862,0.8472455377069645,0.7296279650918001,0.7420537283314503
Bǿjarlǫg ok Farmannalǫg Magnúss Hákonarsonar | Magnus Lagabøtes bylov og farmannslov-Holm perg 34 4to,0.7292805353418099,0.6343006837046222,0.7167048786823981,0.7609174576882701,0.7051707187104044,0.7122386329490178,0.8121485976594522,0.7150162402858766,0.6936280587043012,0.6501918513941252,0.8800043918329249,0.7430311428589677,0.7273458875055399,0.7439121636100011,0.6648185954596009,0.725377377059351,0.7892756405806907,0.0,0.8355932532954748,0.8595268945602643,0.13601010996373952,0.8144350837436378,0.7587956002883964,0.6268969312415278,0.8770711458825966,0.723349459784645,0.7124083484288026,0.6709346153289781,0.6683065023875752,0.5729434964331459,0.8313352187540628,0.7353256386798637,0.7283655238260672,0.8778214476199155,0.6715999407520741,0.8499104718000595,0.6978966210791209,0.7296878193831856
"Ór lǽknisbók The fragment is unnamed, but Konráð Gíslason named his edition of the text
                    Úr læknisbók, which is published in Fire og fyrretyve for en stor deel forhen
                    utrykte prøver af oldnordisk sprog og literatur (1860)-AM 655 XXX 4to",0.8660532318936726,0.8404424593175401,0.880513354695508,0.9069441799196303,0.8864092981762997,0.8511585139039117,0.8776435642087912,0.8450204440186732,0.8538976751360143,0.8276008735090474,0.9230037304374186,0.8754640599040298,0.876148633580506,0.8623118587558953,0.8283595094883324,0.8558934024796369,0.9107697137492992,0.8355932532954748,0.0,0.8966874514144141,0.8482026400317757,0.9440120362682362,0.8739347983956933,0.8259713766580777,0.975273029385726,0.8912659343980971,0.8857696115038628,0.8403600927703422,0.8535022513639192,0.8058753003242024,0.9698180068969403,0.8815849617784106,0.876307739601412,0.9273283107596898,0.8600674348423151,0.9302326841495596,0.8432495399501972,0.8638512513731247
Völuspá in Codex Regius-GKS 2365 4to,0.78582388272099,0.7581453399870656,0.82991855276432,0.7652943926227077,0.8453507786778911,0.8282339317857446,0.7930997985553778,0.7485345012303284,0.781503583503161,0.7344346926612717,0.9034496056900154,0.7805727572688228,0.8016311420828285,0.7929526053891044,0.737861771700729,0.791514650675375,0.7969873968396429,0.8595268945602643,0.8966874514144141,0.0,0.8441407569222438,0.8856596104181707,0.7951268691781819,0.7393087310111923,0.9064340426466072,0.7906161185657806,0.8485295300559879,0.799730085159155,0.7857643613427937,0.7450982648289765,0.9707332048897698,0.7644861786583261,0.7903199803646735,0.9038309487326331,0.7102559132673565,0.8445770508661582,0.7811144538864956,0.8041041231521504
Landslǫg Magnúss Hákonarsonar | Magnus Lagabøtes landslov-Holm perg 34 4to,0.6900132323342896,0.5839092630338854,0.6765139527910069,0.7069658218344603,0.6784445409863578,0.6537782569996,0.7536041863985051,0.6862983567503251,0.6438479046605352,0.61342334790955,0.8380341316719614,0.6911615635430947,0.7160490920085898,0.7015337713132652,0.630879407115758,0.6779725880383234,0.7595641434524121,0.13601010996373952,0.8482026400317757,0.8441407569222438,0.0,0.7875158793209154,0.7404358340193724,0.5823626813858451,0.859319738262919,0.7034366027122789,0.652000483926803,0.6224712981483953,0.643768363302945,0.4963409658320699,0.8039971158240174,0.6793247968542768,0.6783700545656499,0.8616195002505294,0.6545311742864763,0.8075324365992625,0.6583246490225473,0.6989903745432258
Eiríks saga víðförla-AM 557 4to,0.6678447074008409,0.646109820577629,0.6668630389624965,0.6862134304942762,0.7012758619972781,0.7933085927060671,0.7855288983036393,0.7522572613424025,0.7427737943669757,0.6071784045559219,0.8379536865117654,0.7629170392394403,0.7606533119837307,0.683202473808338,0.6374010142757995,0.6541953217635379,0.7788317694405982,0.8144350837436378,0.9440120362682362,0.8856596104181707,0.7875158793209154,9.992007221626409e-16,0.7703500110919845,0.6743255159283343,0.8817321050056317,0.7485420548842745,0.7241014119353958,0.6747978319228196,0.6441786535333784,0.6257171457063392,0.947242866492607,0.7094559374284267,0.6335767563801723,0.8574836722813878,0.689711717961577,0.6441938468814352,0.7429212600797837,0.7147162388050452
Droplaugasona saga according to AM 132 fol (Möðruvallabók)-AM 132 fol (141va.3–147vb.4),0.5687830657935309,0.5322836757151947,0.6264545518761115,0.6397071253546125,0.7198163337409079,0.8057200412723463,0.7477860724526764,0.5135938481374902,0.5994192658208045,0.5055693705735371,0.8168125070837183,0.685628459315078,0.5761641011026353,0.6097329697998177,0.4660682501705874,0.5409284809982553,0.7904095759248886,0.7587956002883964,0.8739347983956933,0.7951268691781819,0.7404358340193724,0.7703500110919845,0.0,0.42959155894083767,0.9224142350795548,0.5334691221132994,0.7886680109032957,0.5817747186305975,0.482701335634782,0.5598464015574154,0.9485211952047538,0.6168740963038455,0.645339661779853,0.8446735992145047,0.47721364691667034,0.7311967413677514,0.5027710972366094,0.5468442765280976
Finnboga saga according to AM 132 fol (Möðruvallabók)-AM 132 fol (100ra.1–114ra.41),0.37740614628452784,0.32838275240330084,0.48874360773739,0.481170022466919,0.592098053480526,0.6740128213684244,0.5749057377181143,0.3518780470894094,0.3601737120792833,0.2831918251399481,0.7256366431430602,0.5288858490717292,0.4748038884280795,0.424896109711527,0.24494394381036078,0.4414280894697906,0.6858415101982775,0.6268969312415278,0.8259713766580777,0.7393087310111923,0.5823626813858451,0.6743255159283343,0.42959155894083767,1.2101430968414206e-14,0.8656300724281533,0.3460047179582154,0.6459394668632145,0.39628653055930907,0.3578526536062292,0.2960610531610943,0.8785389684668651,0.5019046517883654,0.4612181654277795,0.7784196958027868,0.3374823776972097,0.5899168324527586,0.3265328604684521,0.39479489601019235
De xii abusivis saeculi-AM 677 4to,0.9091369357441181,0.8553644209863382,0.8633457513502474,0.9092376170153044,0.728655373236462,0.7010410520015394,0.887730436127255,0.8763995505486419,0.8743614545483219,0.8821477235110363,0.953096972138181,0.8855292440593772,0.9106032537313713,0.9054692399864099,0.8832713776671959,0.9097634008398409,0.7344131218488097,0.8770711458825966,0.975273029385726,0.9064340426466072,0.859319738262919,0.8817321050056317,0.9224142350795548,0.8656300724281533,0.0,0.8920429467863746,0.7366027842064398,0.8687399118278512,0.8952967115360072,0.8097761109987633,0.9626545791191724,0.8660055424697155,0.8902785775597692,0.8947877022364835,0.8861260791631023,0.9232142691579319,0.8880263521551335,0.8955214649816449
Fóstbræðra saga according to AM 132 fol (Möðruvallabók)-AM 132 fol (198rb.8–201vb.41),0.5874132916855861,0.5017966510306879,0.6219882235931,0.6376108395376663,0.6499302754822952,0.757056405454198,0.7150102007772581,0.5100929404411223,0.5369805372678909,0.5012505565525043,0.7935320167194391,0.6676807975586938,0.5796987175682421,0.6173298439094814,0.4649787759665903,0.5716911784486555,0.7387190324037352,0.723349459784645,0.8912659343980971,0.7906161185657806,0.7034366027122789,0.7485420548842745,0.5334691221132994,0.3460047179582154,0.8920429467863746,2.220446049250313e-16,0.7307343232879089,0.5655899468873535,0.5157222313886101,0.47750482066335065,0.9256093907238933,0.6166054244184862,0.6039796254754524,0.8410539132483377,0.46403660834628624,0.7171257022152003,0.5154678932538813,0.5631584157244448
De virtutibus et vitiis-AM 619 4to,0.7277443307997966,0.6403962482670601,0.7203122971652405,0.7249303130685538,0.436341881586347,0.48675858055958965,0.6036461911178463,0.7281539449698469,0.6550984958855195,0.6524081236265468,0.838831779334191,0.7720223894467322,0.7816972119516723,0.742998519914079,0.6653741893481179,0.7878009222534292,0.5834737337189739,0.7124083484288026,0.8857696115038628,0.8485295300559879,0.652000483926803,0.7241014119353958,0.7886680109032957,0.6459394668632145,0.7366027842064398,0.7307343232879089,8.43769498715119e-15,0.6828623180826747,0.7319401359957217,0.5463635804919811,0.8880153545807657,0.6704514809607167,0.7243825577393239,0.8012580226384033,0.7290211031497427,0.7792511319875515,0.6876599109189375,0.678494348653407
Trójumanna saga-AM 573 4to,0.5376723533895621,0.3262126025032115,0.56831833829203,0.5978775973438396,0.6324032750684284,0.7134974466605453,0.6202013776961837,0.5370186114999769,0.5270914358940979,0.4276987015239704,0.7791698417637489,0.5675073841672662,0.567641518391957,0.5276825047138722,0.44103265680985404,0.47945461452660887,0.7259812243438937,0.6709346153289781,0.8403600927703422,0.799730085159155,0.6224712981483953,0.6747978319228196,0.5817747186305975,0.39628653055930907,0.8687399118278512,0.5655899468873535,0.6828623180826747,2.886579864025407e-15,0.43945685922081457,0.3460445061888826,0.9004957783545918,0.5345559291385232,0.5318538888642932,0.8072948064433279,0.43946775905665114,0.6671201490471388,0.5129728946181358,0.550581813471565
Egils saga Skalla-Grímssonar in Wolfenbüttelbók-WolfAug 9 10 4to,0.4592825620916202,0.3555688671724365,0.5157098518478764,0.5776213863339559,0.6246709463583017,0.7604626533748231,0.6969845376277831,0.4995875465684999,0.46259321575253476,0.34404053399253653,0.7267222522789536,0.6216879755734037,0.4875479325115881,0.4831935783379646,0.37250175296518995,0.3230923518122397,0.7359781705946074,0.6683065023875752,0.8535022513639192,0.7857643613427937,0.643768363302945,0.6441786535333784,0.482701335634782,0.3578526536062292,0.8952967115360072,0.5157222313886101,0.7319401359957217,0.43945685922081457,1.765254609153999e-14,0.4009601130238396,0.9065397144691999,0.5295937803622378,0.4726734091431495,0.807642553287879,0.3567065688808819,0.601011678282753,0.48756400189978133,0.5052182400009199
Alexanders saga-AM 519 a 4to,0.4989402979847718,0.25940490679394934,0.4905055117846848,0.5170445623068424,0.5183389837775505,0.5455535235066367,0.5367156791013563,0.4687612290450701,0.41614217276751797,0.3741728686405009,0.6994494536626227,0.4957238166956167,0.5590324189290095,0.46664787907121474,0.3726797595309188,0.4176948919218293,0.6141130627260714,0.5729434964331459,0.8058753003242024,0.7450982648289765,0.4963409658320699,0.6257171457063392,0.5598464015574154,0.2960610531610943,0.8097761109987633,0.47750482066335065,0.5463635804919811,0.3460445061888826,0.4009601130238396,9.992007221626409e-15,0.8330044747727325,0.47075764577535706,0.43823910486384754,0.7569356883288783,0.4209197737951902,0.589333341666257,0.42788898371323225,0.4898985094265209
A fragment of Konungs skuggsjá-AM 1056 IX 4to,0.9216571424770277,0.8773492579934102,0.9207665816969659,0.9283266394091403,0.8984591161949051,0.8639415653468341,0.9279305677070974,0.9214149207953228,0.9092742063869733,0.8998367304197442,0.9420983001468921,0.920185813828483,0.9323299664805489,0.9347074588344941,0.9108318571917625,0.9246593627549176,0.9343672222000905,0.8313352187540628,0.9698180068969403,0.9707332048897698,0.8039971158240174,0.947242866492607,0.9485211952047538,0.8785389684668651,0.9626545791191724,0.9256093907238933,0.8880153545807657,0.9004957783545918,0.9065397144691999,0.8330044747727325,9.992007221626409e-16,0.9123470043404363,0.9105880984326987,0.9638312776990069,0.9173897358544872,0.9572875334893658,0.9161743226583583,0.9250191064430057
Reynistaðarbók-AM 764 4to,0.5963424632769632,0.4229675116054521,0.6700651409145745,0.6805562919120494,0.5935220532149007,0.7226456739430205,0.7405653785137989,0.6282673315708576,0.6649549908618364,0.5384544423142381,0.7716585144336137,0.6531735781987671,0.5904646885961295,0.6108986011240565,0.567249196890149,0.44201399943361497,0.7154402672200335,0.7353256386798637,0.8815849617784106,0.7644861786583261,0.6793247968542768,0.7094559374284267,0.6168740963038455,0.5019046517883654,0.8660055424697155,0.6166054244184862,0.6704514809607167,0.5345559291385232,0.5295937803622378,0.47075764577535706,0.9123470043404363,4.9960036108132044e-15,0.5618098715305404,0.8125174101273005,0.49431043325668034,0.7479930430228359,0.6093769987753392,0.644449270154376
Dámusta saga-AM 557 4to,0.5056402111429077,0.4458547132331441,0.5479002845823799,0.5317090998271512,0.67643710095039,0.7762240896575162,0.6313983314192171,0.5891810387567978,0.5659906162521797,0.444495644743959,0.7309252902512214,0.5906897516365519,0.613943256313638,0.5148594052504554,0.4705559406060287,0.47281740205741807,0.7576928557146683,0.7283655238260672,0.876307739601412,0.7903199803646735,0.6783700545656499,0.6335767563801723,0.645339661779853,0.4612181654277795,0.8902785775597692,0.6039796254754524,0.7243825577393239,0.5318538888642932,0.4726734091431495,0.43823910486384754,0.9105880984326987,0.5618098715305404,0.0,0.837555160355361,0.4967960147677115,0.5211265524098322,0.5633930085132173,0.5947809935466764
Gregory’s Dialogues-AM 677 4to,0.8335974218520534,0.7829197834063849,0.8430922497019006,0.8545619517161033,0.7983956322877063,0.6544276162290565,0.8553932638601356,0.8323933104571469,0.8328309562174904,0.7950178297040761,0.9094780290387677,0.8661354833809798,0.8474214380879765,0.8269209765254046,0.7993143830614331,0.8154612813568121,0.1615004492026395,0.8778214476199155,0.9273283107596898,0.9038309487326331,0.8616195002505294,0.8574836722813878,0.8446735992145047,0.7784196958027868,0.8947877022364835,0.8410539132483377,0.8012580226384033,0.8072948064433279,0.807642553287879,0.7569356883288783,0.9638312776990069,0.8125174101273005,0.837555160355361,0.0,0.810323275846072,0.8859356602001562,0.8098129289381998,0.8232508699033011
Eiríks saga rauða-AM 557 4to,0.40538055866683553,0.3574729833729027,0.4911809565690497,0.5705426779413119,0.5963137124938829,0.7583094838679272,0.6913996412254464,0.47370123553714083,0.5477433942679502,0.3544756037053056,0.7571943942925436,0.5852531347147212,0.426478700344773,0.46752590832407115,0.3914515611899917,0.388236292909401,0.715303720236862,0.6715999407520741,0.8600674348423151,0.7102559132673565,0.6545311742864763,0.689711717961577,0.47721364691667034,0.3374823776972097,0.8861260791631023,0.46403660834628624,0.7290211031497427,0.43946775905665114,0.3567065688808819,0.4209197737951902,0.9173897358544872,0.49431043325668034,0.4967960147677115,0.810323275846072,8.881784197001252e-16,0.6721821693151075,0.46915199152841536,0.5123194140490799
Stúfs þáttr Kattarsonar-AM 557 4to,0.5261964551984414,0.6367475084941493,0.5122552978945532,0.5059046925137576,0.769992817075914,0.870145618104357,0.6215195103970127,0.6615049619357547,0.5970139511264394,0.48067112493609954,0.7909225855603914,0.6475459285885723,0.7877667309313473,0.5711835227312814,0.4748753828827966,0.6492112743449909,0.8472455377069645,0.8499104718000595,0.9302326841495596,0.8445770508661582,0.8075324365992625,0.6441938468814352,0.7311967413677514,0.5899168324527586,0.9232142691579319,0.7171257022152003,0.7792511319875515,0.6671201490471388,0.601011678282753,0.589333341666257,0.9572875334893658,0.7479930430228359,0.5211265524098322,0.8859356602001562,0.6721821693151075,2.220446049250313e-15,0.6128196073446428,0.6224714553908572
Víga-Glúms saga according to AM 132 fol (Möðruvallabók)-AM 132 fol (129rb.8–141va.32),0.5044810961291626,0.4664505061242834,0.5626666985161795,0.5509885947138133,0.6600532272707624,0.7166863527790208,0.5990689568054951,0.4445316409785095,0.39669839246263483,0.4164885234708734,0.7867983696842186,0.6307842856385106,0.5896643129865131,0.5350163166509139,0.3502945992924461,0.5660953390851797,0.7296279650918001,0.6978966210791209,0.8432495399501972,0.7811144538864956,0.6583246490225473,0.7429212600797837,0.5027710972366094,0.3265328604684521,0.8880263521551335,0.5154678932538813,0.6876599109189375,0.5129728946181358,0.48756400189978133,0.42788898371323225,0.9161743226583583,0.6093769987753392,0.5633930085132173,0.8098129289381998,0.46915199152841536,0.6128196073446428,4.3298697960381105e-15,0.4726518144388301
Ölkofra þáttur according to AM 132 fol (Möðruvallabók)-AM 132 fol (147vb.5–149va.31),0.5189126054460009,0.5026915458219439,0.5639549441651721,0.5706427327005938,0.6604912733059556,0.7508841436217673,0.5962323496259769,0.5311703856280505,0.4687101956802242,0.44232390321244575,0.8095716885596111,0.6669618580114294,0.619013743511048,0.583738956662725,0.41069787624251264,0.5979342679588544,0.7420537283314503,0.7296878193831856,0.8638512513731247,0.8041041231521504,0.6989903745432258,0.7147162388050452,0.5468442765280976,0.39479489601019235,0.8955214649816449,0.5631584157244448,0.678494348653407,0.550581813471565,0.5052182400009199,0.4898985094265209,0.9250191064430057,0.644449270154376,0.5947809935466764,0.8232508699033011,0.5123194140490799,0.6224714553908572,0.4726518144388301,4.440892098500626e-16
