,A fragment of Konungs skuggsjá-AM 1056 IX 4to,Bandamanna saga according to AM 132 fol (Möðruvallabók)-AM 132 fol (114ra.41–120vb.21),Droplaugasona saga according to AM 132 fol (Möðruvallabók)-AM 132 fol (141va.3–147vb.4),Finnboga saga according to AM 132 fol (Möðruvallabók)-AM 132 fol (100ra.1–114ra.41),Fóstbræðra saga according to AM 132 fol (Möðruvallabók)-AM 132 fol (198rb.8–201vb.41),Hallfreðar saga according to AM 132 fol (Möðruvallabók)-AM 132 fol (149va.32–156rb.10),Kormáks saga according to AM 132 fol (Möðruvallabók)-AM 132 fol (120vb.21–129rb.7),Ölkofra þáttur according to AM 132 fol (Möðruvallabók)-AM 132 fol (147vb.5–149va.31),Víga-Glúms saga according to AM 132 fol (Möðruvallabók)-AM 132 fol (129rb.8–141va.32),Theta-fragment of Egils saga-AM 162 A θ fol.,Zeta-fragment of Egils saga-AM 162 A ζ fol.,A fragment of Njáls saga-AM 162 B α fol,Two fragments of Njáls saga-AM 162 B θ fol,Codex Wormianus-AM 242 fol,Konungs skuggsjá-AM 243 bα fol,Codex Runicus-AM 28 8vo,Landslǫg Magnúss Hákonarsonar and amendments (skipan) | Magnus Lagabøtes landslov og rettarbøter (skipan)-AM 302 fol,Landslǫg Magnúss Hákonarsonar | Magnus Lagabøtes landslov-AM 305 fol,Codex Frisianus-AM 45 fol.,Alexanders saga-AM 519 a 4to,Vǫluspá in Hauksbók-AM 544 4to,Dámusta saga-AM 557 4to,Eiríks saga rauða-AM 557 4to,Eiríks saga víðförla-AM 557 4to,Gunnlaugs saga Ormstungu-AM 557 4to,Hallfreðr saga vandraskald-AM 557 4to,Hrafns saga Sveinbjarnarsonar-AM 557 4to,Hróa þáttr heimska-AM 557 4to,Karls þáttr vesæla-AM 557 4to,Rögnvalldr ok Rauð-AM 557 4to,Stúfs þáttr Kattarsonar-AM 557 4to,Sveinka þáttr Steinarssonar-AM 557 4to,Valdimars saga-AM 557 4to,Landslǫg Magnúss Hákonarsonar | Magnus Lagabøtes landslov-AM 56 4to,Breta sǫgur-AM 573 4to,Trójumanna saga-AM 573 4to,"Kristinréttir, Landslǫg Magnúss Hákonarsonar, Bǿjarlǫg Magnúss Hákonarsonar ok réttarbǿtr | Kristenrettar, 
                     Magnus Lagabøtes landslov, Magnus Lagabøtes bylov og rettarbøter-AM 60 4to",De virtutibus et vitiis-AM 619 4to,Old Norwegian Homily Book-AM 619 4to,"Ór lǽknisbók The fragment is unnamed, but Konráð Gíslason named his edition of the text
                    Úr læknisbók, which is published in Fire og fyrretyve for en stor deel forhen
                    utrykte prøver af oldnordisk sprog og literatur (1860)-AM 655 XXX 4to",De xii abusivis saeculi-AM 677 4to,"De xii abusivis saeculi, Prosper’s Epigrams, Gregory’s Homilies on the Gospels, Gregory’s Dialogues-AM 677 4to",Gregory’s Homilies on the Gospels-AM 677 4to,Prosper’s Epigrams-AM 677 4to,Reynistaðarbók-AM 764 4to,"Kristinréttir, Bǿjarlǫg Magnúss Hákonarsonar ok réttarbǿtr | Kristenrettar, Magnus Lagabøtes bylov og rettarbøter-AM 78 4to",Elíss saga ok Rósamundar-DG 4–7,Pamphilus saga-DG 4-7,Strengleikar-DG 4–7,Landslǫg Magnúss Hákonarsonar ok Farmannalǫg | Magnus Lagabøtes landslov og Farmannslova-DG 8 I,Óláfs saga ins helga (legendary version)-DG 8 II,Völuspá in Codex Regius-GKS 2365 4to,Legenden om Barlaam och Josaphat-Holm A 49,Birgitta Andersdotters bönbok-Holm A 80,"Various texts, including Eufemiavisorna-Holm D 4",Thómass saga erkibiskups-Holm perg 17 4to,Landslǫg Magnúss Hákonarsonar | Magnus Lagabøtes landslov-Holm perg 30 4to,Bǿjarlǫg ok Farmannalǫg Magnúss Hákonarsonar | Magnus Lagabøtes bylov og farmannslov-Holm perg 34 4to,Landslǫg Magnúss Hákonarsonar | Magnus Lagabøtes landslov-Holm perg 34 4to,Þiðriks saga af Bern (medieval text)-Holm perg 4 fol,Barlaams ok Josaphats saga-Holm perg 6 fol,The Kringla fragment of Óláfs saga helga-Lbs fragm. 82,A fragment of Konungs skuggsjá-NKS 235 g 4to,A fragment of Fagrskinna-NRA norr fragm 51,A fragment of Óláfs saga helga hin elzta-NRA norr fragm 52,A fragment of Haralds saga harðráða in Heimskringla-NRA norr fragm 53,A fragment of Hákonar saga Hákonarsonar-NRA norr fragm 55 A,A fragment of Hákonar saga Hákonarsonar-NRA norr fragm 55 B,A fragment of Jóns saga helga-NRA norr fragm 57,A fragment of Konungs skuggsjá-NRA norr fragm 58 A,A fragment of Konungs skuggsjá-NRA norr fragm 58 B,A fragment of Konungs skuggsjá-NRA norr fragm 58 C,A fragment of Rimbegla-NRA norr fragm 59,A fragment of Stjórn-NRA norr fragm 60 A,A fragment of Stjórn-NRA norr fragm 60 B,A fragment of Stjórn-NRA norr fragm 60 C,A fragment of Karlamagnúss saga-NRA norr fragm 61,A fragment of Karlamagnúss saga-NRA norr fragm 62,A fragment of Karlamagnúss saga-NRA norr fragm 63,A fragment of Barlaams saga ok Jósafats-NRA norr fragm 64,A fragment of Flóress saga ok Blankiflúr-NRA norr fragm 65,A fragment of Thómass saga erkibyskups-NRA norr fragm 66,Thómass saga erkibyskups-NRA norr fragm 67,A fragment of Brendanuss saga-NRA norr fragm 68,A fragment of Landslǫg Magnúss Hákonarsonar-NRA norr fragm 7,A fragment of Agǫtu saga-NRA norr fragm 70,"A fragment of Gregors saga páfa and 
                            Díalógar-NRA norr fragm 71",A fragment of Maríu saga-NRA norr fragm 78,A fragment of Páls saga postula-NRA norr fragm 80,Virgin Mary’s complaint-SKB A 120,Egils saga Skalla-Grímssonar in Wolfenbüttelbók-WolfAug 9 10 4to
A fragment of Konungs skuggsjá-AM 1056 IX 4to,0.0,0.7485066547223611,0.7900632594118424,0.7515305593435755,0.7810958821329052,0.7776631021352017,0.8112887711549532,0.8151976893597963,0.734256533592563,0.807804018318549,0.7890793221377516,0.8563185832300316,0.8808265767035918,1.0,1.0,1.0,1.0,1.0,0.7427371802625267,0.6826419897039736,1.0,0.7831942606734431,0.7509992905766447,0.8513733678106803,0.777194071223112,0.7802338935298386,0.7993415265381479,0.8405508931949071,0.783252061516996,0.7863714489632059,0.8774543794234186,0.8779051444350036,0.8219506128270619,1.0,0.72122101003011,0.7576561496082287,1.0,0.7315675125939929,0.7561125921757673,0.8406000142081949,0.8846435687601519,0.835147464718265,0.7688878418959084,0.7523262324969745,0.741966475118458,1.0,1.0,0.7813743722169615,1.0,1.0,1.0,0.9238348483526136,1.0,1.0,1.0,1.0,1.0,0.7223635937256281,0.692344954867165,1.0,1.0,0.8253557156381677,0.8207682335900723,0.8950126518084295,0.7772512886474937,0.9042023354874321,1.0,0.8722521105721965,0.8191472518823388,0.7467466525622637,0.8811478916894034,0.7532404271549661,0.8607365190404055,0.9163954793350072,0.9216408893164336,0.8841599021293521,0.8574416286189911,0.8209356615471259,0.7983268195767702,0.86305697217536,0.8540135265126209,1.0,1.0,0.8545136295151684,0.7423275719154554,0.9273143685380693,0.8903618572511955,0.8174611621785663,0.796491520183301,1.0,0.7237036815990444
Bandamanna saga according to AM 132 fol (Möðruvallabók)-AM 132 fol (114ra.41–120vb.21),0.7485066547223611,2.4980018054066022e-14,0.4798194363312409,0.4029881419240452,0.4566299083448795,0.4368906763780416,0.5157254358176289,0.514323776971207,0.3254754863627376,0.49343249019080593,0.470940996531518,0.6505255998621136,0.7010398184241798,1.0,1.0,1.0,1.0,1.0,0.43333907353478596,0.30589755311954236,1.0,0.5023707328193765,0.41875450849250695,0.6764737479861034,0.46802466101038864,0.4647395805881772,0.5420352034179385,0.5907385102729807,0.46442177331819345,0.48562909026168743,0.6558320801790298,0.7291884067267687,0.5798999218502863,1.0,0.38172739872889694,0.4543685883221359,1.0,0.45971104736425017,0.4898591178565057,0.6751962523535723,0.7758630180011986,0.6101361986689148,0.4919513913826177,0.5056917045378386,0.44407424268672235,1.0,1.0,0.47856366409479223,1.0,1.0,1.0,0.8310821048765678,1.0,1.0,1.0,1.0,1.0,0.475731765182447,0.4170817564238911,1.0,1.0,0.5812175504623731,0.6514719625767229,0.7882448983190233,0.4897777562401099,0.756813323265316,1.0,0.7170447900442353,0.594873496560218,0.46757066376489276,0.7025763987859424,0.4837683448244666,0.7250830359425005,0.8540039023320253,0.816516713830545,0.7116216951626662,0.6478876131447955,0.6030614610306233,0.564611686858564,0.6964678617146551,0.6538539888678279,1.0,1.0,0.6601732137956366,0.509547154473428,0.8278142230426169,0.7680459376446185,0.6112932097665932,0.5487668495389024,1.0,0.3323915995951401
Droplaugasona saga according to AM 132 fol (Möðruvallabók)-AM 132 fol (141va.3–147vb.4),0.7900632594118424,0.4798194363312409,4.5075054799781356e-14,0.441415446503466,0.4776817319782556,0.4751516731870997,0.5438279221084272,0.574274162173289,0.38772504447014045,0.5756798694549803,0.4687246958577075,0.6684863901353176,0.7036573900385235,1.0,1.0,1.0,1.0,1.0,0.42599789967512347,0.4142474836993597,1.0,0.5645949567034594,0.4203900156693797,0.698375457284795,0.5032403126335534,0.5052161926481689,0.5338218672132532,0.6437462657768607,0.529483275268117,0.5159534135042146,0.7240087810928673,0.7377905559355916,0.6342477829757396,1.0,0.4132330119447494,0.4864464942547342,1.0,0.5668906751368039,0.5459239142105619,0.7121160071904249,0.8202207974759024,0.6252545005667451,0.550151432344654,0.6179338379612178,0.46449138054242534,1.0,1.0,0.5895249428506157,1.0,1.0,1.0,0.8324952755557439,1.0,1.0,1.0,1.0,1.0,0.5390253986372351,0.5032162638446195,1.0,1.0,0.6183176238187118,0.6931029085810017,0.7877309950205467,0.5364672146001426,0.7454445777614944,1.0,0.7214153035733378,0.5986852021326852,0.5849489002204559,0.7653791856445948,0.5749683751308272,0.7533120482403454,0.8641433581941361,0.8241933785888402,0.7390098775622294,0.6817429327570135,0.6372097167203055,0.5826708008852157,0.7264329010964246,0.6765008988927795,1.0,1.0,0.6515758511480283,0.5938567767641315,0.8665033485233345,0.7923389631497575,0.6387165584025025,0.6292298434336785,1.0,0.35640966278369723
Finnboga saga according to AM 132 fol (Möðruvallabók)-AM 132 fol (100ra.1–114ra.41),0.7515305593435755,0.4029881419240452,0.441415446503466,1.6298074001497298e-13,0.42709150321163436,0.42008134407280495,0.5107861569592962,0.5357668146319229,0.326933013506312,0.5380367856922348,0.45213083528208775,0.638239345523651,0.688188761593032,1.0,1.0,1.0,1.0,1.0,0.38262739055179507,0.318758060273722,1.0,0.49634257675773585,0.3808623381044838,0.6730235694657292,0.44888619573561606,0.44391129722640355,0.506955276519869,0.5955196037407035,0.4812604006787805,0.4487227594444222,0.6821234286434604,0.7068670610736174,0.5945682104823081,1.0,0.3440095202896215,0.4328708187580924,1.0,0.4987177131251175,0.502153838032578,0.6834400555419313,0.8016750324496512,0.579719210175129,0.49584381887800866,0.5531899755602052,0.40889513436154556,1.0,1.0,0.535806609589307,1.0,1.0,1.0,0.8309041206076371,1.0,1.0,1.0,1.0,1.0,0.4853936740581216,0.43920926114742187,1.0,1.0,0.5712935624437385,0.6533842947466459,0.765800421299145,0.4792143095413214,0.7322398157716749,1.0,0.7053703423419819,0.5765497466311478,0.5214135040819944,0.7268710962366336,0.5192024151846062,0.7280796701217684,0.8464433018251647,0.8066616072461175,0.6962775618893068,0.642784180612116,0.5904836694157123,0.5448085586273199,0.7018513282455188,0.6324277560647295,1.0,1.0,0.6495338686907398,0.5358217258172235,0.8405230666135988,0.774731953037172,0.588725117765964,0.5782490081831886,1.0,0.31362359032075593
Fóstbræðra saga according to AM 132 fol (Möðruvallabók)-AM 132 fol (198rb.8–201vb.41),0.7810958821329052,0.4566299083448795,0.4776817319782556,0.42709150321163436,0.0,0.47877813902932176,0.5477790714369324,0.5741782343581966,0.39461525661929786,0.5826473701999231,0.5002083384818574,0.6774151109366193,0.7059828453583634,1.0,1.0,1.0,1.0,1.0,0.43977189499139535,0.38060593758535277,1.0,0.546436666539933,0.41984853857170756,0.6932789357536586,0.5108561291824043,0.5034289083085395,0.5357933814803209,0.6410526411514996,0.5228015570955815,0.5229214831792309,0.7116900964062342,0.7378355872936765,0.6308507757751871,1.0,0.4102543676479151,0.48952846986723,1.0,0.5356722670639876,0.5240667929667597,0.7197259898859515,0.8085351723543971,0.6282204795597646,0.5256605876274595,0.584862297947623,0.464952750066855,1.0,1.0,0.5800839966098184,1.0,1.0,1.0,0.8357816018431045,1.0,1.0,1.0,1.0,1.0,0.5223421877380428,0.4809739089048758,1.0,1.0,0.608505347425291,0.6858126750293607,0.7895914276937783,0.5369787484844167,0.7538959341160438,1.0,0.7196277395934794,0.626711206318286,0.552943749726154,0.7525144040821342,0.5506578559153961,0.7525098463303089,0.8650186926659683,0.8291082113650232,0.7346992551060259,0.6857689778325493,0.6331761657706363,0.5943648655651721,0.7270771793929073,0.6936167198159495,1.0,1.0,0.6661657729601959,0.5696107357397269,0.8597469533811687,0.7904211833090145,0.6332473444891661,0.6035902000894375,1.0,0.37273013436052105
Hallfreðar saga according to AM 132 fol (Möðruvallabók)-AM 132 fol (149va.32–156rb.10),0.7776631021352017,0.4368906763780416,0.4751516731870997,0.42008134407280495,0.47877813902932176,2.220446049250313e-16,0.5310108951429721,0.5558349525469237,0.36526540900047766,0.5570777267195361,0.48612902081684395,0.6631704306490345,0.6967370245091611,1.0,1.0,1.0,1.0,1.0,0.4207095706695131,0.37383068030697864,1.0,0.5269997374799615,0.42320005954051665,0.6789787354008856,0.4577885724872688,0.16950535043431103,0.5395527646680345,0.611052367263978,0.4925376851639326,0.4844014823625602,0.6627657497968613,0.725237216667926,0.6218937921494526,1.0,0.3959961531843408,0.4700151967377969,1.0,0.5307408917802003,0.5323039668837821,0.707652077870176,0.8103610560518182,0.610871158837944,0.52912776755871,0.590174208607251,0.4594073586593158,1.0,1.0,0.5481509242655238,1.0,1.0,1.0,0.8330870972239287,1.0,1.0,1.0,1.0,1.0,0.5149188854890772,0.4738705671867942,1.0,1.0,0.5784613194948119,0.68499161893998,0.7818535618632584,0.5072816785553792,0.7428887640727151,1.0,0.7185490942589998,0.6084904673372792,0.556792371121933,0.7346403306615783,0.5563144135166116,0.7512321582088909,0.86101494765719,0.8143213779912513,0.7199228098032205,0.646941020185464,0.6127819919913695,0.5657751670526256,0.7185970760927994,0.6521151164632926,1.0,1.0,0.6597606485464106,0.564102881404717,0.8464000793248108,0.7903977406939819,0.6222151970705616,0.6015347151438029,1.0,0.346794439844195
Kormáks saga according to AM 132 fol (Möðruvallabók)-AM 132 fol (120vb.21–129rb.7),0.8112887711549532,0.5157254358176289,0.5438279221084272,0.5107861569592962,0.5477790714369324,0.5310108951429721,1.1934897514720433e-13,0.6316135234258136,0.4610172414142486,0.6285672954057944,0.5717167560939663,0.7132079778531613,0.7489198244886653,1.0,1.0,1.0,1.0,1.0,0.521221761088589,0.47152654373257785,1.0,0.6133766968959575,0.5066104313093112,0.7373087031445387,0.5653595922243945,0.5644082379236867,0.6105493221577203,0.6818634048423486,0.5848259670618258,0.5728023416856791,0.7436147531282257,0.7756174208561939,0.6733563915138918,1.0,0.4928259674162674,0.5542613489643877,1.0,0.6059666953326759,0.6003883684711081,0.7452894732132869,0.833038273941697,0.6786471497849762,0.5985751167296303,0.6474632571652661,0.5450915900921376,1.0,1.0,0.6128731967029336,1.0,1.0,1.0,0.8517146567887551,1.0,1.0,1.0,1.0,1.0,0.5929459163607075,0.5577578109684906,1.0,1.0,0.6652323916201612,0.727540694229446,0.8207593888538449,0.5884001434159887,0.7905440464420531,1.0,0.7660257336308851,0.6751471875497477,0.6210062384458939,0.7853407857059727,0.6198790538689298,0.7826394339076228,0.8831216370304641,0.8482879412867574,0.7730568497270085,0.7162356924135125,0.6765372290525237,0.6394320379448573,0.7613382708518687,0.7219210881440687,1.0,1.0,0.7137478309443757,0.6348645236544205,0.8733472571939295,0.8216085087866838,0.6865379369210487,0.6681688289337084,1.0,0.45768950926981766
Ölkofra þáttur according to AM 132 fol (Möðruvallabók)-AM 132 fol (147vb.5–149va.31),0.8151976893597963,0.514323776971207,0.574274162173289,0.5357668146319229,0.5741782343581966,0.5558349525469237,0.6316135234258136,0.0,0.47874455810057814,0.6092817519518421,0.57660871750718,0.7283487469578583,0.7718611985624331,1.0,1.0,1.0,1.0,1.0,0.5358661342100265,0.4639439620078263,1.0,0.6049862253427527,0.5426137484598199,0.7479601211461808,0.5826263320226208,0.5672408396743533,0.6296125057382611,0.6799115554118489,0.5798232377282053,0.6032169158157493,0.7199951475101858,0.797250896485701,0.6918708206602551,1.0,0.516689240049544,0.5796850682843617,1.0,0.5836099660305929,0.5998313254073142,0.7621682004981611,0.8286947967453177,0.6749209013863139,0.5867718680764789,0.6051293428511328,0.5630301553067725,1.0,1.0,0.6186174806719926,1.0,1.0,1.0,0.87511686220393,1.0,1.0,1.0,1.0,1.0,0.5823945551992376,0.5374364631577961,1.0,1.0,0.6580898545617759,0.7432595638549866,0.8400453841933399,0.6155865762481421,0.7943672853233696,1.0,0.7710722011359142,0.682767078880629,0.5873744437001479,0.7548738226535325,0.5988329234490347,0.7980618252467172,0.9020036879863504,0.8548267257108149,0.7669915762912314,0.7263605358717893,0.695297831057952,0.6723764979717423,0.7771422237618488,0.7192877392981695,1.0,1.0,0.7115147155381534,0.6111019235362705,0.8639980206039659,0.8083357150007926,0.691164960780329,0.6402562308761028,1.0,0.4694632750221195
Víga-Glúms saga according to AM 132 fol (Möðruvallabók)-AM 132 fol (129rb.8–141va.32),0.734256533592563,0.3254754863627376,0.38772504447014045,0.326933013506312,0.39461525661929786,0.36526540900047766,0.4610172414142486,0.47874455810057814,0.0,0.4857657555109345,0.4048513906646889,0.6077364870381998,0.6626395987576399,1.0,1.0,1.0,1.0,1.0,0.337632502973396,0.25775878943528374,1.0,0.4550939337445169,0.3352775264977581,0.6479182549463094,0.4090564017317677,0.3965293050039076,0.4716917343401149,0.5555626411421257,0.42591461738070047,0.41367034911756595,0.6323661025074274,0.6924933299232506,0.5610028479822513,1.0,0.29791616517295993,0.38981340591784086,1.0,0.4406487279288228,0.4515182109794369,0.6594646420081471,0.7794195118063565,0.5376043906682108,0.4345221033781407,0.49115949490936295,0.36763108875780837,1.0,1.0,0.47639863461800924,1.0,1.0,1.0,0.812632904963315,1.0,1.0,1.0,1.0,1.0,0.4239452210910132,0.37253338269058534,1.0,1.0,0.5327373335606971,0.6310352052197962,0.7518958134767443,0.4411051897185083,0.7099550140012756,1.0,0.6795915576332741,0.543027006154049,0.4629272845111576,0.6901460696932453,0.47011335891646877,0.7068096492541671,0.8423043040649936,0.7920901140665029,0.6774112084921289,0.6071484640348451,0.5532301999293668,0.5110122510833043,0.6741981874450116,0.5971977831282089,1.0,1.0,0.6131807890924289,0.4766623143505575,0.8271212495275753,0.7497194933290705,0.5581291194121359,0.5253151250790433,1.0,0.2575927626116088
Theta-fragment of Egils saga-AM 162 A θ fol.,0.807804018318549,0.49343249019080593,0.5756798694549803,0.5380367856922348,0.5826473701999231,0.5570777267195361,0.6285672954057944,0.6092817519518421,0.4857657555109345,3.2085445411667024e-14,0.4796237165681234,0.717659535764984,0.7663584916633654,1.0,1.0,1.0,1.0,1.0,0.49977344640766563,0.44942402881052723,1.0,0.588285875717353,0.5139783985945502,0.7369962923722468,0.5466982664859995,0.5538462951376846,0.6234805374064174,0.6683982055923838,0.5700005954258575,0.584644007173708,0.7149553392001258,0.7775132209625608,0.6714205131585756,1.0,0.49737767572292746,0.5645752098598924,1.0,0.5855716422892223,0.5936331370288328,0.7551301186530368,0.8268499133042364,0.6667061136844306,0.5838626417977746,0.6091840333762475,0.5434284354580076,1.0,1.0,0.6012862713359082,1.0,1.0,1.0,0.8592330155230761,1.0,1.0,1.0,1.0,1.0,0.5807784606578646,0.5329749853430685,1.0,1.0,0.6320524352861701,0.7293998705055711,0.8251585574396217,0.5904578843487028,0.7825903555009383,1.0,0.7623507049713094,0.67382943426695,0.5794627562475846,0.7533234271206256,0.5842606390577546,0.7890349953033866,0.8899721582706724,0.8518598492273629,0.7616747171010912,0.7130859944205747,0.6864988206474769,0.6475469656560884,0.7650204357703558,0.7110785068562593,1.0,1.0,0.7122868363777766,0.6097566786308415,0.8587145920152273,0.8049286311271944,0.6850010389977883,0.6358257536688807,1.0,0.3520254312391542
Zeta-fragment of Egils saga-AM 162 A ζ fol.,0.7890793221377516,0.470940996531518,0.4687246958577075,0.45213083528208775,0.5002083384818574,0.48612902081684395,0.5717167560939663,0.57660871750718,0.4048513906646889,0.4796237165681234,0.0,0.6801207630603284,0.7179885328547368,1.0,1.0,1.0,1.0,1.0,0.3990225941621094,0.3939370755143946,1.0,0.5384702611654224,0.4221202824908592,0.7135308046869653,0.5128606859844048,0.4939316042298735,0.5307071701440951,0.6502090114714494,0.532530149796351,0.5031784695110791,0.7230992750011396,0.7468157681196421,0.6467695575701992,1.0,0.41095112212581064,0.49078676919687714,1.0,0.5594534328285276,0.5499721782473076,0.7335021195166618,0.8121080314367259,0.6098094981478746,0.5297696369313256,0.5830890522954528,0.4609631397398679,1.0,1.0,0.6232140007041558,1.0,1.0,1.0,0.8415178323643988,1.0,1.0,1.0,1.0,1.0,0.5214609032698405,0.48455046195090246,1.0,1.0,0.5860675609923585,0.7067548575515253,0.7841646290591272,0.5273142009326751,0.739234798955697,1.0,0.7137745111151654,0.619021894647199,0.57969030334788,0.7623373859093114,0.5672233670401368,0.7704524753851363,0.8773033064852189,0.8305557215939194,0.7350746839105025,0.6873795192178902,0.6412787982823653,0.6031330212815502,0.752413311558599,0.676396283938173,1.0,1.0,0.6557368402044916,0.5699113704225183,0.8691714404855699,0.7801421611350009,0.6290109713457817,0.6034874574988894,1.0,0.23896134650069378
A fragment of Njáls saga-AM 162 B α fol,0.8563185832300316,0.6505255998621136,0.6684863901353176,0.638239345523651,0.6774151109366193,0.6631704306490345,0.7132079778531613,0.7283487469578583,0.6077364870381998,0.717659535764984,0.6801207630603284,0.0,0.7957817600079747,1.0,1.0,1.0,1.0,1.0,0.6326729270194584,0.6129804759174029,1.0,0.7056638337095709,0.6243122240277864,0.8061724542852424,0.668671917402633,0.6751188372936286,0.7079315239598691,0.7616610315287539,0.6930872782042194,0.6783149466555418,0.8172578633951801,0.8200788791918456,0.7553841946992786,1.0,0.6129566118246856,0.6631952506899906,1.0,0.705217485104225,0.7046049068708483,0.7966346058933693,0.8859242111591389,0.7611464102287537,0.7112347411500362,0.7560542277755062,0.6484227190831409,1.0,1.0,0.7102937195804,1.0,1.0,1.0,0.887539898973639,1.0,1.0,1.0,1.0,1.0,0.7042683799437652,0.6767691430040395,1.0,1.0,0.7444978846482688,0.7956363571329663,0.8574644903267665,0.6955494805322796,0.835190049855014,1.0,0.8168312222440013,0.752146111297334,0.7204232869630622,0.8406110051855619,0.7228770385705372,0.8376870455035361,0.9077163370454212,0.8840424360721001,0.8268032672711689,0.7899629876640534,0.7605653480104718,0.7259004114487136,0.8166573218297666,0.7798811969771011,1.0,1.0,0.798328417538192,0.7340923604051729,0.9060342090306898,0.8742209393605801,0.7625320038746278,0.7582747218001032,1.0,0.5942694637792144
Two fragments of Njáls saga-AM 162 B θ fol,0.8808265767035918,0.7010398184241798,0.7036573900385235,0.688188761593032,0.7059828453583634,0.6967370245091611,0.7489198244886653,0.7718611985624331,0.6626395987576399,0.7663584916633654,0.7179885328547368,0.7957817600079747,3.108624468950438e-14,1.0,1.0,1.0,1.0,1.0,0.6865098992950935,0.6781566235224633,1.0,0.7592696538076273,0.6794327869925972,0.8253522737785289,0.7152161359138741,0.7184353878362135,0.7390425251188524,0.7980117151598597,0.7366762283405416,0.7216268963825598,0.8504716164963725,0.8448878206606916,0.7996264600853713,1.0,0.6655005307969801,0.7004121827252517,1.0,0.7546934747820412,0.7436289644628724,0.8383114095459422,0.8920533331228281,0.789741695800821,0.7500683014569356,0.8073819461252351,0.704211441996754,1.0,1.0,0.7528240315958477,1.0,1.0,1.0,0.8101991804555974,1.0,1.0,1.0,1.0,1.0,0.7291844436247319,0.7113470264961965,1.0,1.0,0.7672028861015747,0.8249572793150621,0.8739094680482699,0.7326006667234539,0.8574942772337673,1.0,0.8434136817361743,0.7911425666916521,0.7733311620209682,0.8650747820249389,0.7685800054751853,0.857457167389868,0.9182579539938865,0.8947368447681725,0.8565092740375886,0.7972016442280416,0.7833938965287444,0.7551405021811596,0.8306392223665813,0.8042088626194457,1.0,1.0,0.8021342105099696,0.7669493866396402,0.9193648339107735,0.8910793622168349,0.7948341626276307,0.7953038824011385,1.0,0.6432231589525113
Codex Wormianus-AM 242 fol,1.0,1.0,1.0,1.0,1.0,1.0,1.0,1.0,1.0,1.0,1.0,1.0,1.0,1.0,1.0,1.0,1.0,1.0,1.0,1.0,1.0,1.0,1.0,1.0,1.0,1.0,1.0,1.0,1.0,1.0,1.0,1.0,1.0,1.0,1.0,1.0,1.0,1.0,1.0,1.0,1.0,1.0,1.0,1.0,1.0,1.0,1.0,1.0,1.0,1.0,1.0,1.0,1.0,1.0,1.0,1.0,1.0,1.0,1.0,1.0,1.0,1.0,1.0,1.0,1.0,1.0,1.0,1.0,1.0,1.0,1.0,1.0,1.0,1.0,1.0,1.0,1.0,1.0,1.0,1.0,1.0,1.0,1.0,1.0,1.0,1.0,1.0,1.0,1.0,1.0,1.0
Konungs skuggsjá-AM 243 bα fol,1.0,1.0,1.0,1.0,1.0,1.0,1.0,1.0,1.0,1.0,1.0,1.0,1.0,1.0,1.0,1.0,1.0,1.0,1.0,1.0,1.0,1.0,1.0,1.0,1.0,1.0,1.0,1.0,1.0,1.0,1.0,1.0,1.0,1.0,1.0,1.0,1.0,1.0,1.0,1.0,1.0,1.0,1.0,1.0,1.0,1.0,1.0,1.0,1.0,1.0,1.0,1.0,1.0,1.0,1.0,1.0,1.0,1.0,1.0,1.0,1.0,1.0,1.0,1.0,1.0,1.0,1.0,1.0,1.0,1.0,1.0,1.0,1.0,1.0,1.0,1.0,1.0,1.0,1.0,1.0,1.0,1.0,1.0,1.0,1.0,1.0,1.0,1.0,1.0,1.0,1.0
Codex Runicus-AM 28 8vo,1.0,1.0,1.0,1.0,1.0,1.0,1.0,1.0,1.0,1.0,1.0,1.0,1.0,1.0,1.0,1.0,1.0,1.0,1.0,1.0,1.0,1.0,1.0,1.0,1.0,1.0,1.0,1.0,1.0,1.0,1.0,1.0,1.0,1.0,1.0,1.0,1.0,1.0,1.0,1.0,1.0,1.0,1.0,1.0,1.0,1.0,1.0,1.0,1.0,1.0,1.0,1.0,1.0,1.0,1.0,1.0,1.0,1.0,1.0,1.0,1.0,1.0,1.0,1.0,1.0,1.0,1.0,1.0,1.0,1.0,1.0,1.0,1.0,1.0,1.0,1.0,1.0,1.0,1.0,1.0,1.0,1.0,1.0,1.0,1.0,1.0,1.0,1.0,1.0,1.0,1.0
Landslǫg Magnúss Hákonarsonar and amendments (skipan) | Magnus Lagabøtes landslov og rettarbøter (skipan)-AM 302 fol,1.0,1.0,1.0,1.0,1.0,1.0,1.0,1.0,1.0,1.0,1.0,1.0,1.0,1.0,1.0,1.0,1.0,1.0,1.0,1.0,1.0,1.0,1.0,1.0,1.0,1.0,1.0,1.0,1.0,1.0,1.0,1.0,1.0,1.0,1.0,1.0,1.0,1.0,1.0,1.0,1.0,1.0,1.0,1.0,1.0,1.0,1.0,1.0,1.0,1.0,1.0,1.0,1.0,1.0,1.0,1.0,1.0,1.0,1.0,1.0,1.0,1.0,1.0,1.0,1.0,1.0,1.0,1.0,1.0,1.0,1.0,1.0,1.0,1.0,1.0,1.0,1.0,1.0,1.0,1.0,1.0,1.0,1.0,1.0,1.0,1.0,1.0,1.0,1.0,1.0,1.0
Landslǫg Magnúss Hákonarsonar | Magnus Lagabøtes landslov-AM 305 fol,1.0,1.0,1.0,1.0,1.0,1.0,1.0,1.0,1.0,1.0,1.0,1.0,1.0,1.0,1.0,1.0,1.0,1.0,1.0,1.0,1.0,1.0,1.0,1.0,1.0,1.0,1.0,1.0,1.0,1.0,1.0,1.0,1.0,1.0,1.0,1.0,1.0,1.0,1.0,1.0,1.0,1.0,1.0,1.0,1.0,1.0,1.0,1.0,1.0,1.0,1.0,1.0,1.0,1.0,1.0,1.0,1.0,1.0,1.0,1.0,1.0,1.0,1.0,1.0,1.0,1.0,1.0,1.0,1.0,1.0,1.0,1.0,1.0,1.0,1.0,1.0,1.0,1.0,1.0,1.0,1.0,1.0,1.0,1.0,1.0,1.0,1.0,1.0,1.0,1.0,1.0
Codex Frisianus-AM 45 fol.,0.7427371802625267,0.43333907353478596,0.42599789967512347,0.38262739055179507,0.43977189499139535,0.4207095706695131,0.521221761088589,0.5358661342100265,0.337632502973396,0.49977344640766563,0.3990225941621094,0.6326729270194584,0.6865098992950935,1.0,1.0,1.0,1.0,1.0,5.384581669432009e-14,0.2853601794909213,1.0,0.4516376019122579,0.34199160189775546,0.6379373419273338,0.43725111679082107,0.42909763834557635,0.4604841311916783,0.6024831204153689,0.46503481870342545,0.42574150389869325,0.663255806735783,0.6827493002063783,0.5874575284390573,1.0,0.29566776222035906,0.39998463513908167,1.0,0.48254684732801856,0.47100346088003464,0.6700426500325412,0.7793024379873816,0.5549161990505742,0.46515068068530285,0.5303887468860684,0.344622161020805,1.0,1.0,0.561300334672608,1.0,1.0,1.0,0.8102086063112698,1.0,1.0,1.0,1.0,1.0,0.44843513030830007,0.3960251766368982,1.0,1.0,0.5048517129224412,0.6343194908524681,0.7281659099538857,0.44340940842817556,0.6167277482297557,1.0,0.653001156484724,0.5490214609512547,0.5145088018298112,0.7278754004216702,0.4933609731985119,0.7091685201687616,0.8402189632555672,0.7961407283502212,0.6854917412600582,0.6315146234789644,0.5683665864562575,0.5067538361124946,0.6950046819584644,0.6261152878514195,1.0,1.0,0.6241774533686801,0.5027454233435317,0.8421754962492961,0.7510814441048698,0.5627096033936094,0.5497803057546906,1.0,0.23863557879963848
Alexanders saga-AM 519 a 4to,0.6826419897039736,0.30589755311954236,0.4142474836993597,0.318758060273722,0.38060593758535277,0.37383068030697864,0.47152654373257785,0.4639439620078263,0.25775878943528374,0.44942402881052723,0.3939370755143946,0.6129804759174029,0.6781566235224633,1.0,1.0,1.0,1.0,1.0,0.2853601794909213,9.019451852054772e-13,1.0,0.38978819270492127,0.32314024777060524,0.6131146746513647,0.39997125158502744,0.3809130031322099,0.45586023042800194,0.5451736494031314,0.39342272797668654,0.3998095766499573,0.6177904600302346,0.6775799093619015,0.5125616794066112,1.0,0.2422119485232619,0.33928923790721155,1.0,0.3225386835281546,0.37426856699454014,0.6250770275132607,0.7142101468407953,0.5220932474668214,0.36062129711690905,0.3639764804197313,0.3017156411227834,1.0,1.0,0.4291649285057465,1.0,1.0,1.0,0.8074524585190319,1.0,1.0,1.0,1.0,1.0,0.3503167521833995,0.26999290575204604,1.0,1.0,0.4861761581295412,0.5772562310199942,0.7337974610934257,0.38990749624237264,0.706070761545001,1.0,0.656780373064222,0.5112561245268807,0.36393907092301514,0.6460027197045286,0.3809620213328574,0.6674947504192071,0.8252179345687103,0.7912497983827896,0.648781199167468,0.5968509254555203,0.5324034482849532,0.483745217041863,0.6620418929831029,0.6008306648744074,1.0,1.0,0.5992700921633984,0.384028121475386,0.8025304181725881,0.700434376427269,0.5142088794318956,0.43761764400536995,1.0,0.22843946319840092
Vǫluspá in Hauksbók-AM 544 4to,1.0,1.0,1.0,1.0,1.0,1.0,1.0,1.0,1.0,1.0,1.0,1.0,1.0,1.0,1.0,1.0,1.0,1.0,1.0,1.0,1.0,1.0,1.0,1.0,1.0,1.0,1.0,1.0,1.0,1.0,1.0,1.0,1.0,1.0,1.0,1.0,1.0,1.0,1.0,1.0,1.0,1.0,1.0,1.0,1.0,1.0,1.0,1.0,1.0,1.0,1.0,1.0,1.0,1.0,1.0,1.0,1.0,1.0,1.0,1.0,1.0,1.0,1.0,1.0,1.0,1.0,1.0,1.0,1.0,1.0,1.0,1.0,1.0,1.0,1.0,1.0,1.0,1.0,1.0,1.0,1.0,1.0,1.0,1.0,1.0,1.0,1.0,1.0,1.0,1.0,1.0
Dámusta saga-AM 557 4to,0.7831942606734431,0.5023707328193765,0.5645949567034594,0.49634257675773585,0.546436666539933,0.5269997374799615,0.6133766968959575,0.6049862253427527,0.4550939337445169,0.588285875717353,0.5384702611654224,0.7056638337095709,0.7592696538076273,1.0,1.0,1.0,1.0,1.0,0.4516376019122579,0.38978819270492127,1.0,0.0,0.4919446297333774,0.7045550286765817,0.5348383483493165,0.5273811610540919,0.5894292963088614,0.6416039366356321,0.5423099670420481,0.5341588117211087,0.6768992834511941,0.7543411553232264,0.644650336458054,1.0,0.4448561079468235,0.5252203359658686,1.0,0.5338898015837159,0.5624733634492731,0.7395637392093206,0.8053111615382023,0.6463689935209973,0.5487893575173511,0.5752304079320919,0.4823789980226706,1.0,1.0,0.5916167986213978,1.0,1.0,1.0,0.8563101564336806,1.0,1.0,1.0,1.0,1.0,0.5399666311072429,0.4877230704393207,1.0,1.0,0.6119187303557208,0.7090756882978073,0.7959752072577065,0.5499503468150133,0.7664251120932692,1.0,0.7441632014494067,0.6140985734626558,0.5626463636457648,0.7440240389664678,0.5674373472838128,0.7731787328278686,0.8745769366444314,0.8401517182601486,0.7349659552043091,0.6972763156476225,0.648359096253196,0.6148180212189007,0.7565131781282814,0.6963469907092301,1.0,1.0,0.701052107838097,0.570471311630212,0.851308232608699,0.7870209608374394,0.646706783073784,0.6017966279851502,1.0,0.41271219146522287
Eiríks saga rauða-AM 557 4to,0.7509992905766447,0.41875450849250695,0.4203900156693797,0.3808623381044838,0.41984853857170756,0.42320005954051665,0.5066104313093112,0.5426137484598199,0.3352775264977581,0.5139783985945502,0.4221202824908592,0.6243122240277864,0.6794327869925972,1.0,1.0,1.0,1.0,1.0,0.34199160189775546,0.32314024777060524,1.0,0.4919446297333774,0.0,0.6087409232819485,0.42213625043872927,0.4355537774856745,0.4567102121011485,0.6040900381968548,0.44816812890077984,0.4385812868975498,0.6883447147352004,0.7006295763703354,0.5747080879385229,1.0,0.3180807165543831,0.4078575939026071,1.0,0.4995118699733361,0.46331254845257397,0.6679982290138347,0.7896810021704702,0.5830454168339358,0.48433954486326014,0.5604962932861351,0.3839151789971056,1.0,1.0,0.5271514364014586,1.0,1.0,1.0,0.8013789379026638,1.0,1.0,1.0,1.0,1.0,0.4706910619624488,0.43103656887326103,1.0,1.0,0.5548691362747911,0.6334082987691292,0.7511757037778386,0.46755842906989475,0.706705568465461,1.0,0.6711418098114941,0.5719086833352749,0.5137192081100803,0.7364619763849931,0.48473656067710913,0.7053350539390216,0.8350170915736532,0.8005756074601788,0.7075002512175745,0.6421421037710198,0.5806348856488873,0.5166827280962134,0.6813393745507619,0.6472023890219842,1.0,1.0,0.6144833320127651,0.5340455333932375,0.8435310636544979,0.7662540388318689,0.5827967754548377,0.5691305547825849,1.0,0.2750733096284964
Eiríks saga víðförla-AM 557 4to,0.8513733678106803,0.6764737479861034,0.698375457284795,0.6730235694657292,0.6932789357536586,0.6789787354008856,0.7373087031445387,0.7479601211461808,0.6479182549463094,0.7369962923722468,0.7135308046869653,0.8061724542852424,0.8253522737785289,1.0,1.0,1.0,1.0,1.0,0.6379373419273338,0.6131146746513647,1.0,0.7045550286765817,0.6087409232819485,1.2656542480726785e-14,0.6738242244304489,0.6873401925057168,0.7155808750265285,0.7718220003848445,0.6833678772289522,0.6918867271556826,0.7890446804909365,0.8303668568941003,0.7612510287911604,1.0,0.6231950512061741,0.6640618734978361,1.0,0.6791017459816627,0.671104477814761,0.8057091989552359,0.857154707561113,0.7665364018786277,0.6944059613686442,0.7328974699876449,0.658568707743351,1.0,1.0,0.7161516734175886,1.0,1.0,1.0,0.8918934359283882,1.0,1.0,1.0,1.0,1.0,0.695717444920146,0.667667058343907,1.0,1.0,0.7478843487864817,0.778433078531787,0.8589574127196423,0.6899071291247918,0.8462449435866795,1.0,0.8216784793910243,0.760231467466122,0.7134633116928012,0.8434549721360193,0.700249584281631,0.8144472682473095,0.8892890001542255,0.8803627717908011,0.8341199145303833,0.775828930404119,0.753140676216174,0.7012852863185676,0.8034823879172746,0.8026832829464116,1.0,1.0,0.7781933162116048,0.7265486026168482,0.9033128916716142,0.8616745405604256,0.760020466843628,0.7450064412236427,1.0,0.6035974121396264
Gunnlaugs saga Ormstungu-AM 557 4to,0.777194071223112,0.46802466101038864,0.5032403126335534,0.44888619573561606,0.5108561291824043,0.4577885724872688,0.5653595922243945,0.5826263320226208,0.4090564017317677,0.5466982664859995,0.5128606859844048,0.668671917402633,0.7152161359138741,1.0,1.0,1.0,1.0,1.0,0.43725111679082107,0.39997125158502744,1.0,0.5348383483493165,0.42213625043872927,0.6738242244304489,2.375877272697835e-14,0.4660736299363343,0.5329685910711617,0.6221736440256269,0.5143901393161117,0.5016614705563532,0.6749131274084116,0.7341654878665573,0.6270384643771195,1.0,0.4130921314560967,0.48717579637854436,1.0,0.5408322550252773,0.5414890951515842,0.7081205162280495,0.8099526216940787,0.6329955219625054,0.5530038948903138,0.6023733367855372,0.46778466686069886,1.0,1.0,0.5563537315122772,1.0,1.0,1.0,0.83780492549693,1.0,1.0,1.0,1.0,1.0,0.5339849172911921,0.49105336219168716,1.0,1.0,0.603170556068191,0.6831504908735584,0.7816033319471305,0.5187822768074424,0.7515174449844825,1.0,0.728308421650074,0.6170956295833111,0.5653654404819899,0.7459400270995045,0.5624473026756245,0.7476397961977295,0.8593229876401176,0.8154972801207411,0.7357271304975768,0.662364811022508,0.6270682138797266,0.5761196847014269,0.7185130644682438,0.669430592653339,1.0,1.0,0.6739629064542341,0.5793133825322048,0.8456203920724658,0.7970078003913026,0.6321378432997684,0.6158834670380079,1.0,0.37348270839999187
Hallfreðr saga vandraskald-AM 557 4to,0.7802338935298386,0.4647395805881772,0.5052161926481689,0.44391129722640355,0.5034289083085395,0.16950535043431103,0.5644082379236867,0.5672408396743533,0.3965293050039076,0.5538462951376846,0.4939316042298735,0.6751188372936286,0.7184353878362135,1.0,1.0,1.0,1.0,1.0,0.42909763834557635,0.3809130031322099,1.0,0.5273811610540919,0.4355537774856745,0.6873401925057168,0.4660736299363343,2.298161660974074e-14,0.5476003874040608,0.614751454327034,0.49956490202415826,0.4941090656535193,0.6675689715016254,0.7353591826789908,0.6320604247866337,1.0,0.4084744702854758,0.4866516308832066,1.0,0.5320950544070191,0.5407520515425914,0.7189036998076553,0.814904752999059,0.6152720059773455,0.5322329521552255,0.5834068540343677,0.4670346108078961,1.0,1.0,0.5670934848497242,1.0,1.0,1.0,0.8418906531771404,1.0,1.0,1.0,1.0,1.0,0.516810012040861,0.47353608343618536,1.0,1.0,0.591722552225572,0.6896028361194063,0.7907220926454417,0.5146554405773276,0.7464694885866507,1.0,0.7201414294991237,0.6148443684105992,0.5549020205014952,0.7326832521136764,0.5542838022829863,0.7594724101327922,0.8710735818000177,0.8208994746278628,0.721250334943598,0.663552837910218,0.6266234472762229,0.5867925994742751,0.730789269143137,0.6615420118337206,1.0,1.0,0.6654090207160128,0.5634264828915763,0.8487702611451774,0.789687989445207,0.6302736641116023,0.6011066772950182,1.0,0.3587537915989196
Hrafns saga Sveinbjarnarsonar-AM 557 4to,0.7993415265381479,0.5420352034179385,0.5338218672132532,0.506955276519869,0.5357933814803209,0.5395527646680345,0.6105493221577203,0.6296125057382611,0.4716917343401149,0.6234805374064174,0.5307071701440951,0.7079315239598691,0.7390425251188524,1.0,1.0,1.0,1.0,1.0,0.4604841311916783,0.45586023042800194,1.0,0.5894292963088614,0.4567102121011485,0.7155808750265285,0.5329685910711617,0.5476003874040608,0.0,0.6956619914118787,0.5815767528958279,0.5585458730561872,0.762662904831716,0.757355836285881,0.6824068283806135,1.0,0.4544701720631755,0.5250216961569257,1.0,0.5822505447870973,0.5651196959804261,0.7347674104159465,0.8174468265919641,0.6594541538477285,0.5791764279721453,0.6345453217376862,0.5004841976622029,1.0,1.0,0.6445225955303877,1.0,1.0,1.0,0.8450648954305285,1.0,1.0,1.0,1.0,1.0,0.5575826418891479,0.5226580848413008,1.0,1.0,0.6400996775377135,0.7074011410061009,0.7867946528684371,0.5675059936248434,0.764146569073673,1.0,0.7244126748944874,0.6358705422649992,0.6143234131478549,0.7907153599666432,0.5955383281686097,0.7664559856095532,0.8714471298581302,0.8429270812534151,0.7669091540598987,0.7187626867845817,0.6670665435059108,0.6190970276364705,0.7513673392455679,0.7201357922450489,1.0,1.0,0.6834743963897496,0.6055887588626695,0.8807735420875561,0.8016286717798005,0.6515171336850745,0.6378418848186129,1.0,0.41533636727575085
Hróa þáttr heimska-AM 557 4to,0.8405508931949071,0.5907385102729807,0.6437462657768607,0.5955196037407035,0.6410526411514996,0.611052367263978,0.6818634048423486,0.6799115554118489,0.5555626411421257,0.6683982055923838,0.6502090114714494,0.7616610315287539,0.7980117151598597,1.0,1.0,1.0,1.0,1.0,0.6024831204153689,0.5451736494031314,1.0,0.6416039366356321,0.6040900381968548,0.7718220003848445,0.6221736440256269,0.614751454327034,0.6956619914118787,2.930988785010413e-14,0.6249492766004026,0.6257035644561655,0.727568138311562,0.8112450372019174,0.7195053318341078,1.0,0.5818136642060993,0.6380751957880133,1.0,0.654567886739037,0.676266100253488,0.8057574911692481,0.8673961621770414,0.7230705381577744,0.6613111704531787,0.698172993691675,0.6205247199080739,1.0,1.0,0.654352962882887,1.0,1.0,1.0,0.8807840940360776,1.0,1.0,1.0,1.0,1.0,0.6493854778191905,0.6111750660237831,1.0,1.0,0.7131102660701385,0.7771189878664184,0.8549465776512188,0.6567172495597856,0.8314227094126349,1.0,0.8143232867573643,0.7187402481056964,0.663388403248601,0.7913740941578569,0.6729204423670779,0.8323219756125182,0.9112582565450347,0.8675089583246427,0.7914360708610324,0.7550658032675941,0.7263109559049681,0.7042722194083192,0.8080295769880455,0.7468397813005412,1.0,1.0,0.7679707798102949,0.6813613171366166,0.8775575997478106,0.8471284293218151,0.7357804102087964,0.7014884154573502,1.0,0.5527978241702276
